year	emp	wage	cap	indoutpt	n	w	k	ys	id
1977	5.041	13.1516	.5894	95.7072	1.617604	2.576543	-.5286502	4.561294	1
1978	5.6	12.3018	.6318	97.3569	1.722767	2.509746	-.4591824	4.578383	1
1979	5.015	12.8395	.6771	99.6083	1.612433	2.552526	-.3899363	4.601245	1
1980	4.715	13.8039	.6171	100.5501	1.550749	2.624951	-.4827242	4.610656	1
1981	4.093	14.2897	.5076	99.5581	1.409278	2.659539	-.6780615	4.600741	1
1982	3.166	14.8681	.4229	98.6151	1.152469	2.699218	-.8606195	4.591224	1
1983	2.936	13.7784	.392	100.0301	1.077048	2.623102	-.9364935	4.605471	1
1977	71.319	14.7909	16.9363	95.7072	4.267163	2.694012	2.829459	4.561294	2
1978	70.643	14.1036	17.2422	97.3569	4.257639	2.64643	2.84736	4.578383	2
1979	70.918	14.9534	17.5413	99.6083	4.261524	2.704939	2.864558	4.601245	2
1980	72.031	15.491	17.6574	100.5501	4.277097	2.740259	2.871155	4.610656	2
1981	73.689	16.1969	16.7133	99.5581	4.299854	2.78482	2.816205	4.600741	2
1982	72.419	16.1314	16.2469	98.6151	4.282469	2.780768	2.787902	4.591224	2
1983	68.518	16.3051	17.3696	100.0301	4.227097	2.791478	2.854722	4.605471	2
1977	19.156	22.692	7.0975	95.7072	2.952616	3.122012	1.959743	4.561294	3
1978	19.44	20.6938	6.9469	97.3569	2.967333	3.029834	1.938295	4.578383	3
1979	19.9	21.2048	6.8565	99.6083	2.99072	3.054228	1.925197	4.601245	3
1980	20.24	22.197	6.6547	100.5501	3.007661	3.099957	1.895323	4.610656	3
1981	19.57	24.8714	6.2136	99.5581	2.973998	3.213719	1.826741	4.600741	3
1982	18.125	24.8447	5.7146	98.6151	2.897292	3.212644	1.743024	4.591224	3
1983	16.85	28.9077	7.3431	100.0301	2.824351	3.364108	1.993761	4.605471	3
1977	26.16	14.8283	8.4902	118.2223	3.264231	2.696537	2.138913	4.772567	4
1978	26.74	14.8379	8.742	120.1551	3.28616	2.697185	2.168139	4.788784	4
1979	27.28	14.8756	9.1869	118.8319	3.306154	2.699722	2.217779	4.77771	4
1980	27.83	15.2332	9.4036	111.9164	3.326115	2.723477	2.241093	4.717752	4
1981	27.169	17.2529	8.8939	97.554	3.302077	2.84798	2.185366	4.580406	4
1982	24.504	19.3142	8.3905	92.1982	3.198836	2.96084	2.1271	4.523941	4
1983	22.562	20.0055	7.4351	92.4041	3.116267	2.996007	2.006212	4.526171	4
1976	86.677	20.6323	22.3804	94.8991	4.462189	3.026858	3.108186	4.552814	5
1977	87.1	18.2782	22.2703	96.5038	4.467057	2.905709	3.103254	4.569582	5
1978	87	18.1369	25.167	98.8163	4.465908	2.897949	3.225534	4.593263	5
1979	90.4	18.1896	25.3515	100.4835	4.504244	2.90085	3.232838	4.609993	5
1980	89.2	19.2893	28.2394	100.1223	4.490881	2.959551	3.340718	4.606392	5
1981	82.7	19.8242	25.7959	98.527	4.41522	2.986903	3.250216	4.590331	5
1982	73.7	19.3873	20.3681	99.5083	4.300003	2.964618	3.01397	4.600241	5
1976	.748	23.1889	.1694	102.7724	-.2903523	3.143674	-1.775492	4.632517	6
1977	.766	20.5393	.1618	107.027	-.2665731	3.02234	-1.821394	4.673081	6
1978	.762	20.9387	.1499	108.6788	-.2718087	3.041599	-1.897787	4.688397	6
1979	.729	21.7626	.1458	111.119	-.3160816	3.080193	-1.925519	4.710602	6
1980	.731	23.4707	.1468	101.9265	-.3133418	3.155753	-1.918684	4.624252	6
1981	.779	24.1252	.1412	99.4971	-.2497443	3.183257	-1.957578	4.600129	6
1982	.782	25.2065	.1261	99.3103	-.2459005	3.227102	-2.07068	4.598249	6
1976	1.6	30.8513	.9934	104.7664	.4700036	3.429179	-.0066219	4.651733	7
1977	1.65	28.555	.933	107.4791	.5007753	3.351832	-.06935	4.677297	7
1978	1.68	29.8602	.965	108.9188	.5187938	3.396527	-.0356272	4.690603	7
1979	1.68	30.5894	.9629	111.5591	.5187938	3.420654	-.0378057	4.714554	7
1980	1.66	27.4886	.9224	100	.5068176	3.313771	-.0807763	4.60517	7
1981	1.56	31.4868	.9992	99.3965	.4446858	3.449568	-.0008003	4.599117	7
1982	1.54	32.0728	.8802	99.2931	.4317824	3.468008	-.1276061	4.598076	7
1976	9.145	30.9089	4.5486	104.7664	2.213207	3.431044	1.51482	4.651733	8
1977	10.855	24.4679	4.6194	107.4791	2.384626	3.197362	1.530265	4.677297	8
1978	10.749	28.0558	5.0373	108.9188	2.374813	3.334195	1.61687	4.690603	8
1979	10.959	28.7445	4.8748	111.5591	2.394161	3.358446	1.584079	4.714554	8
1980	10.698	28.4854	3.2221	100	2.370057	3.349392	1.170033	4.60517	8
1981	8.174	31.7356	2.8343	99.3965	2.100958	3.457439	1.041795	4.599117	8
1982	4.701	29.8963	1.7506	99.2931	1.547775	3.397735	.5599586	4.598076	8
1976	2.006	26.0825	.3824	102.7724	.6961427	3.261265	-.9612881	4.632517	9
1977	2.656	21.9545	.4551	107.027	.9768212	3.088972	-.7872381	4.673081	9
1978	2.712	22.81	.4529	108.6788	.9976863	3.127199	-.7920839	4.688397	9
1979	2.744	23.372	.4524	111.119	1.009417	3.151539	-.7931885	4.710602	9
1980	2.757	23.0737	.4676	101.9265	1.014143	3.138693	-.7601421	4.624252	9
1981	2.849	24.3044	.481	99.4971	1.046968	3.190657	-.731888	4.600129	9
1982	2.752	26.8984	.4753	99.3103	1.012328	3.292067	-.743809	4.598249	9
1976	3.823	23.3533	1.1293	95.3657	1.341035	3.150738	.121598	4.557719	10
1977	3.935	21.3251	1.0143	96.7315	1.369911	3.059885	.0141987	4.571939	10
1978	3.528	20.9319	1.1169	99.2333	1.260731	3.041274	.110557	4.597474	10
1979	3.52	20.4536	1.1626	100.7335	1.258461	3.018159	.1506589	4.612478	10
1980	3.467	23.4946	1.0827	100	1.24329	3.156771	.0794579	4.60517	10
1981	3.09	25.9553	1.0636	98.2324	1.128171	3.256376	.0616593	4.587336	10
1982	3.262	26.0361	1.0958	99.7635	1.182341	3.259484	.0914847	4.602802	10
1976	1.359	23.0614	.4099	104.7664	.3067491	3.13816	-.891842	4.651733	11
1977	1.346	20.2275	.5741	107.4791	.2971372	3.007043	-.5549517	4.677297	11
1978	1.338	22.1435	.5563	108.9188	.291176	3.097544	-.5864476	4.690603	11
1979	1.353	22.5496	.5145	111.5591	.3023244	3.115717	-.6645597	4.714554	11
1980	1.264	22.5875	.5895	100	.2342813	3.117397	-.5284805	4.60517	11
1981	1.158	25.9585	.4847	99.3965	.1466944	3.256499	-.7242252	4.599117	11
1982	1.175	24.0345	.4359	99.2931	.1612681	3.17949	-.8303424	4.598076	11
1976	1.78	34.2991	.2569	104.7664	.5766134	3.535119	-1.359068	4.651733	12
1977	1.643	30.3979	.2072	107.4791	.4965239	3.414373	-1.574071	4.677297	12
1978	1.39	31.1431	.1999	108.9188	.3293037	3.438593	-1.609938	4.690603	12
1979	1.35	33.3105	.2007	111.5591	.3001046	3.505873	-1.605944	4.714554	12
1980	1.082	30.2147	.1473	100	.0788112	3.408329	-1.915284	4.60517	12
1981	.78	29.7414	.1158	99.3965	-.2484614	3.39254	-2.155891	4.599117	12
1982	.68	31.1235	.1036	99.2931	-.3856625	3.437963	-2.267218	4.598076	12
1976	2.353	22.3833	.5785	125.8064	.8556911	3.108315	-.5473168	4.834744	13
1977	2.386	23.0607	.5613	127.9649	.8696183	3.13813	-.5774998	4.851756	13
1978	2.375	23.4931	.5273	125.4294	.8649974	3.156707	-.6399856	4.831743	13
1979	2.415	26.0042	.518	125.0259	.8816993	3.258258	-.6577801	4.828521	13
1980	2.266	24.1671	.4608	106.3044	.8180162	3.184992	-.7747912	4.666306	13
1981	1.777	26.0573	.375	98.0729	.5749265	3.260298	-.9808292	4.585711	13
1982	1.537	28.7064	.3147	96.8674	.4298324	3.35712	-1.156135	4.573343	13
1978	3.165	20.9113	.3902	127.3866	1.152153	3.04029	-.9410959	4.847227	14
1979	3.096	21.8887	.4311	124.6424	1.130111	3.085971	-.8414152	4.825449	14
1980	2.991	23.701	.4228	118.9132	1.095608	3.165517	-.860856	4.778394	14
1981	2.692	21.3925	.381	99.3576	.9902844	3.06304	-.9649559	4.598725	14
1982	2.175	25.5237	.3051	97.2428	.7770286	3.239608	-1.187116	4.577211	14
1983	1.801	25.7211	.2041	97.1944	.5883421	3.247312	-1.589145	4.576713	14
1984	1.428	25.6452	.1685	99.9862	.3562748	3.244356	-1.78082	4.605032	14
1977	7.22	22.5898	1.8498	105.3355	1.976855	3.117498	.6150775	4.657151	15
1978	7.321	22.0549	1.9215	108.1833	1.990747	3.093535	.6531061	4.683827	15
1979	7.097	22.2902	2.1855	110.6984	1.959672	3.104147	.7818446	4.70681	15
1980	7.201	20.6808	2.4345	105.9673	1.97422	3.029206	.8897414	4.663131	15
1981	6.602	21.6151	2.1255	96.5931	1.887373	3.073392	.754007	4.570508	15
1982	5.311	23.1551	1.5594	92.0013	1.66978	3.142215	.4443011	4.521803	15
1983	5.394	25.0999	1.3576	92.2488	1.685287	3.222864	.3057184	4.524489	15
1976	2.757	29.3517	.9175	116.4	1.014143	3.37935	-.0861027	4.757032	16
1977	2.632	27.0686	.8613	115.7	.967744	3.298374	-.1493124	4.751	16
1978	2.647	27.2752	.8519	112.8	.9734269	3.305978	-.1602862	4.725616	16
1979	2.687	26.6444	.5277	108.9	.9884253	3.282579	-.6392273	4.69043	16
1980	2.417	25.3591	.5262	100	.8825271	3.233138	-.6420739	4.60517	16
1981	2.218	25.2731	.566	89.2	.7966059	3.229741	-.5691612	4.490881	16
1982	2.106	27.4446	.5112	90.5	.7447904	3.312169	-.6709943	4.50535	16
1977	1.09	23.9352	.1282	127.164	.0861777	3.17535	-2.054164	4.845478	17
1978	1.144	22.6139	.1393	127.3866	.1345309	3.118565	-1.971125	4.847227	17
1979	1.195	23.0801	.1795	124.6424	.1781462	3.138971	-1.71758	4.825449	17
1980	1.259	25.0346	.1835	118.9132	.2303177	3.220259	-1.695541	4.778394	17
1981	1.319	24.2587	.1731	99.3576	.2768739	3.188775	-1.753886	4.598725	17
1982	1.188	28.4659	.1471	97.2428	.1722712	3.348707	-1.916643	4.577211	17
1983	1.163	29.4594	.1246	97.1944	.1510029	3.383013	-2.082647	4.576713	17
1977	7.407	29.9689	1.1694	116.225	2.002425	3.40016	.1564908	4.755528	18
1978	7.392	26.2611	1.2643	114.975	2.000398	3.268089	.2345186	4.744715	18
1979	7.198	25.7528	1.3536	111.825	1.973803	3.248543	.3027677	4.716935	18
1980	6.872	24.3198	1.5672	106.675	1.927455	3.191291	.4492905	4.669787	18
1981	6.131	24.3181	1.3429	97.3	1.813358	3.191221	.2948315	4.577799	18
1982	5.785	26.5473	1.1385	89.525	1.755268	3.278928	.1297116	4.494518	18
1983	5.487	26.593	.9603	89.6	1.702382	3.280648	-.0405095	4.495355	18
1976	23.531	34.0204	5.4762	116.4	3.158319	3.52696	1.700411	4.757032	19
1977	22.521	30.3191	5.0656	115.7	3.114448	3.411778	1.622473	4.751	19
1978	21.866	29.192	5.0976	112.8	3.084933	3.373895	1.62877	4.725616	19
1979	21.067	28.6365	5.7196	108.9	3.047708	3.354682	1.743899	4.69043	19
1980	19.238	29.7144	4.9972	100	2.956887	3.391632	1.608878	4.60517	19
1981	16.248	31.3375	4.6639	89.2	2.78797	3.444815	1.539852	4.490881	19
1982	14.928	33.8528	4.1429	90.5	2.703239	3.522022	1.421396	4.50535	19
1977	1.053	28.045	.1386	116.225	.0516432	3.33381	-1.976163	4.755528	20
1978	1.117	26.5632	.1606	114.975	.1106465	3.279527	-1.828838	4.744715	20
1979	1.125	25.6042	.1695	111.825	.117783	3.242756	-1.774902	4.716935	20
1980	1.04	25.6604	.2401	106.675	.0392207	3.244949	-1.4267	4.669787	20
1981	.995	25.49	.2132	97.3	-.0050125	3.238286	-1.545525	4.577799	20
1982	.923	25.537	.2017	89.525	-.0801261	3.240129	-1.600974	4.494518	20
1983	.908	26.4244	.1876	89.6	-.0965109	3.274288	-1.673443	4.495355	20
1977	1.991	29.687	.4291	116.225	.6886371	3.390709	-.8460653	4.755528	21
1978	2.671	28.1284	.5378	114.975	.9824529	3.33678	-.6202685	4.744715	21
1979	2.937	26.5734	.5692	111.825	1.077389	3.279911	-.5635235	4.716935	21
1980	3.015	25.5461	.6575	106.675	1.1036	3.240485	-.4193105	4.669787	21
1981	2.701	25.4198	.5972	97.3	.9936221	3.235528	-.5155032	4.577799	21
1982	1.817	27.2402	.4934	89.525	.5971868	3.304694	-.7064351	4.494518	21
1983	1.631	28.7047	.4042	89.6	.4891934	3.357061	-.9058455	4.495355	21
1976	1.4	28.5597	.1816	116.4	.3364722	3.351997	-1.705949	4.757032	22
1977	1.453	25.0015	.1834	115.7	.3736303	3.218936	-1.696086	4.751	22
1978	1.525	23.4358	.1812	112.8	.4219944	3.154265	-1.708154	4.725616	22
1979	1.559	23.1202	.1997	108.9	.4440446	3.140707	-1.610939	4.69043	22
1980	1.548	23.26	.1858	100	.4369638	3.146735	-1.683084	4.60517	22
1981	1.339	20.0583	.1511	89.2	.291923	2.998643	-1.889813	4.490881	22
1982	1.031	21.1449	.132	90.5	.0305292	3.051399	-2.024953	4.50535	22
1976	10.555	32.507	1.3305	116.4	2.3566	3.481456	.2855548	4.757032	23
1977	10.095	28.9027	1.3557	115.7	2.31204	3.363935	.304318	4.751	23
1978	8.9	26.8583	1.5965	112.8	2.186051	3.290575	.4678138	4.725616	23
1979	8.539	27.1607	1.2885	108.9	2.144644	3.301771	.2534787	4.69043	23
1980	6.448	28.3155	1.1389	100	1.86377	3.343409	.1300629	4.60517	23
1981	5.405	26.8969	.8784	89.2	1.687325	3.292011	-.1296532	4.490881	23
1982	4.709	29.2119	.7637	90.5	1.549476	3.374576	-.2695802	4.50535	23
1976	1.674	27.5898	.3863	116.4	.515216	3.317446	-.951141	4.757032	24
1977	1.78	24.6386	.4104	115.7	.5766134	3.204314	-.890623	4.751	24
1978	1.817	23.6386	.4936	112.8	.5971868	3.162881	-.7060298	4.725616	24
1979	1.795	23.5118	.4908	108.9	.585005	3.157502	-.7117186	4.69043	24
1980	1.715	23.6963	.4465	100	.5394131	3.165319	-.8063159	4.60517	24
1981	1.295	22.0786	.3412	89.2	.2585106	3.094609	-1.075287	4.490881	24
1982	1.208	28.1139	.3157	90.5	.1889661	3.336264	-1.152963	4.50535	24
1976	.772	34.4998	.0616	116.4	-.2587707	3.540954	-2.787093	4.757032	25
1977	.788	30.2071	.0636	115.7	-.2382572	3.408077	-2.755142	4.751	25
1978	.82	29.8638	.0704	112.8	-.198451	3.396647	-2.653562	4.725616	25
1979	.821	28.6675	.0958	108.9	-.1972322	3.355764	-2.345493	4.69043	25
1980	.828	27.4259	.0843	100	-.1887421	3.311488	-2.473373	4.60517	25
1981	.811	23.2424	.068	89.2	-.2094872	3.145978	-2.688247	4.490881	25
1982	.742	27.2418	.057	90.5	-.2984061	3.304753	-2.864704	4.50535	25
1976	3.086	29.152	.5028	116.4	1.126876	3.372524	-.6875628	4.757032	26
1977	3.301	26.4332	.5462	115.7	1.194225	3.274621	-.6047701	4.751	26
1978	3.379	26.1043	.604	112.8	1.21758	3.2621	-.5041811	4.725616	26
1979	3.319	24.9252	.5589	108.9	1.199664	3.215879	-.5817847	4.69043	26
1980	3.134	25.3077	.5895	100	1.14231	3.231109	-.5284805	4.60517	26
1981	2.71	26.4595	.4755	89.2	.9969487	3.275615	-.7433884	4.490881	26
1982	2.505	27.2863	.5437	90.5	.9182888	3.306385	-.6093577	4.50535	26
1978	6.575	25.9762	1.7454	112.8	1.883275	3.257181	.5569837	4.725616	27
1979	6.377	25.728	1.8971	108.9	1.852698	3.24758	.6403264	4.69043	27
1980	5.752	26.0471	1.6784	100	1.749548	3.259907	.517841	4.60517	27
1981	4.87	25.9297	1.5909	89.2	1.583094	3.255389	.4642999	4.490881	27
1982	4.405	27.8164	1.4754	90.5	1.48274	3.325626	.3889291	4.50535	27
1983	7.334	19.2866	1.439	86.9	1.992521	2.959411	.3639484	4.464758	27
1984	7.145	32.0388	1.4052	87.4	1.966413	3.466948	.3401797	4.470495	27
1977	.619	13.2329	.0336	93.95	-.47965	2.582706	-3.393229	4.542763	28
1978	.726	13.6601	.0395	98.2	-.3202052	2.614479	-3.231455	4.587006	28
1979	.773	14.4508	.0437	102.5667	-.2574762	2.67075	-3.130407	4.630513	28
1980	.709	14.4125	.0574	102.0167	-.3438998	2.668096	-2.857711	4.625136	28
1981	.651	15.0915	.0543	99.4917	-.4292456	2.714132	-2.913231	4.600074	28
1982	.521	16.3744	.0442	94.2583	-.6520052	2.795719	-3.11903	4.546039	28
1983	.497	17.1372	.0396	99.0583	-.6991652	2.841252	-3.228926	4.595708	28
1977	1.11	28.0152	.1242	95.7	.10436	3.332747	-2.085862	4.561218	29
1978	1.139	28.0714	.1394	100.2	.1301507	3.334751	-1.970408	4.607168	29
1979	1.196	28.7446	.1649	102.4	.1789826	3.35845	-1.802416	4.628887	29
1980	1.236	29.1317	.1593	101.1	.2118803	3.371827	-1.836966	4.61611	29
1981	1.054	29.6307	.1407	96.95	.0525925	3.388811	-1.961125	4.574195	29
1982	.939	30.7194	.1376	96.05	-.0629398	3.424894	-1.983404	4.564869	29
1983	.911	33.2514	.1401	103.35	-.0932124	3.504097	-1.965399	4.638121	29
1976	1.129	31.7723	.1638	116.4	.1213322	3.458595	-1.809109	4.757032	30
1977	1.181	26.8608	.1738	115.7	.1663615	3.290668	-1.74985	4.751	30
1978	1.176	26.1009	.2073	112.8	.1621189	3.26197	-1.573588	4.725616	30
1979	1.189	27.5408	.2105	108.9	.1731126	3.315669	-1.55827	4.69043	30
1980	1.149	27.2342	.2121	100	.138892	3.304473	-1.550697	4.60517	30
1981	.957	24.6643	.1859	89.2	-.0439519	3.205357	-1.682546	4.490881	30
1982	.891	24.8081	.1848	90.5	-.1154109	3.21117	-1.688481	4.50535	30
1976	1.791	23.3024	.1785	104.7664	.5827741	3.148556	-1.723167	4.651733	31
1977	1.805	20.9296	.2442	107.4791	.5905606	3.041164	-1.409768	4.677297	31
1978	2.063	21.8553	.3335	108.9188	.7241612	3.084444	-1.098112	4.690603	31
1979	1.984	23.4757	.3181	111.5591	.685115	3.155966	-1.145389	4.714554	31
1980	1.558	24.9199	.2745	100	.4434029	3.215667	-1.292804	4.60517	31
1981	1.285	28.0984	.2482	99.3965	.2507587	3.335713	-1.39352	4.599117	31
1982	1.111	27.6983	.1758	99.2931	.1052605	3.321371	-1.738408	4.598076	31
1977	1.771	21.1881	.1732	96.05	.5715443	3.05344	-1.753308	4.564869	32
1978	1.788	21.0368	.1729	100.6	.5810977	3.046273	-1.755042	4.611152	32
1979	1.861	21.0111	.1613	102.3667	.621114	3.045051	-1.824489	4.628561	32
1980	1.864	21.0794	.1458	100.9167	.6227247	3.048296	-1.925519	4.614295	32
1981	1.664	18.8949	.1178	96.4417	.5092244	2.938892	-2.138767	4.568939	32
1982	1.511	20.6339	.1035	96.4083	.4127717	3.026935	-2.268184	4.568593	32
1983	1.496	23.1065	.098	104.2083	.4027949	3.140114	-2.322788	4.646392	32
1976	13.329	24.3753	1.887	93.6	2.589942	3.19357	.6349882	4.539031	33
1977	13.509	23.4904	1.8247	97.8	2.603356	3.156592	.6014156	4.582925	33
1978	13.452	23.4155	1.9656	102.6	2.599128	3.153398	.6757975	4.630838	33
1979	11.751	22.737	1.8738	102.2	2.463938	3.123994	.6279685	4.626932	33
1980	10.706	24.2665	1.6481	100	2.370804	3.189097	.4996231	4.60517	33
1981	8.821	31.679	1.342	93.9	2.177135	3.455654	.2941611	4.542231	33
1982	6.283	25.0406	1.0611	98.2	1.837848	3.220499	.0593061	4.587006	33
1977	1.215	15.1847	.1112	95.7	.1947441	2.720288	-2.196425	4.561218	34
1978	1.306	15.1559	.1202	100.2	.266969	2.71839	-2.118598	4.607168	34
1979	1.391	16.907	.1244	102.4	.3300229	2.827728	-2.084253	4.628887	34
1980	1.407	16.7456	.1321	101.1	.3414598	2.818135	-2.024196	4.61611	34
1981	1.156	16.7556	.111	96.95	.1449658	2.818733	-2.198225	4.574195	34
1982	1.194	17.185	.0977	96.05	.177309	2.844037	-2.325854	4.564869	34
1983	1.351	17.8622	.0956	103.35	.300845	2.882687	-2.347582	4.638121	34
1977	5.373	25.7228	1.8317	94.65	1.681386	3.247378	.6052445	4.550186	35
1978	5.865	24.8794	2.109	99	1.769002	3.21404	.7462139	4.59512	35
1979	6.066	28.1491	2.2152	102.5	1.802699	3.337515	.7953427	4.629863	35
1980	6.724	28.7078	2.2333	101.65	1.905683	3.357169	.8034803	4.621536	35
1981	14.135	29.0655	4.3328	98.475	2.648654	3.369552	1.466214	4.589803	35
1982	12.662	30.8473	4.4295	94.975	2.538605	3.429049	1.488287	4.553614	35
1983	12.201	32.2958	4.5582	100.775	2.501518	3.474937	1.516928	4.61289	35
1976	.471	24.0031	.1125	93.6	-.7528972	3.178183	-2.184802	4.539031	36
1977	.478	23.1216	.1313	97.8	-.7381446	3.140767	-2.030271	4.582925	36
1978	.442	23.6967	.1466	102.6	-.8164454	3.165336	-1.920048	4.630838	36
1979	.451	23.3783	.174	102.2	-.796288	3.151808	-1.7487	4.626932	36
1980	.411	23.3951	.1927	100	-.889162	3.152527	-1.646621	4.60517	36
1981	.386	23.8803	.1712	93.9	-.9519179	3.173054	-1.764923	4.542231	36
1982	.36	22.9678	.1538	98.2	-1.021651	3.134093	-1.872102	4.587006	36
1977	14.4	32.2197	1.6371	116.225	2.667228	3.472578	.4929264	4.755528	37
1978	14.719	31.0016	1.5893	114.975	2.689139	3.434039	.4632937	4.744715	37
1979	14.437	32.0146	1.748	111.825	2.669794	3.466192	.5584723	4.716935	37
1980	13.436	29.8912	1.7775	106.675	2.597938	3.397564	.5752079	4.669787	37
1981	11.697	30.1672	2.1308	97.3	2.459332	3.406755	.7564975	4.577799	37
1982	10.04	32.0464	2.2534	89.525	2.306577	3.467185	.8124402	4.494518	37
1983	9.087	36.2481	2.1304	89.6	2.206845	3.590387	.7563097	4.495355	37
1976	7.458	26.4115	2.0862	106.1747	2.009287	3.2738	.7353442	4.665086	38
1977	7.88	22.8421	2.0624	108.9675	2.064328	3.128605	.7238704	4.69105	38
1978	8.255	22.4106	2.2518	107.8624	2.110819	3.109534	.8117299	4.680856	38
1979	8.162	25.4637	2.3904	104.5668	2.099489	3.237254	.8714607	4.649826	38
1980	7.452	27.4089	2.0259	100	2.008482	3.310868	.706014	4.60517	38
1981	5.933	27.7596	1.39	92.743	1.78053	3.323582	.3293037	4.529832	38
1982	5.038	27.7857	1.3926	90.0386	1.617009	3.324522	.3311726	4.500238	38
1977	1.484	31.7102	.2337	116.225	.3947411	3.456638	-1.453717	4.755528	39
1978	1.551	26.5752	.2939	114.975	.4388999	3.279979	-1.224516	4.744715	39
1979	1.556	25.7082	.3448	111.825	.4421184	3.24681	-1.064791	4.716935	39
1980	1.625	27.4095	.3461	106.675	.4855078	3.31089	-1.061028	4.669787	39
1981	1.407	27.8052	.2998	97.3	.3414598	3.325223	-1.20464	4.577799	39
1982	.814	27.4953	.2066	89.525	-.2057949	3.314015	-1.576971	4.494518	39
1983	.699	29.1183	.1742	89.6	-.3581045	3.371367	-1.747551	4.495355	39
1976	13.163	26.1228	1.6686	106.5556	2.57741	3.262809	.5119849	4.668667	40
1977	12.894	23.8501	1.6615	108.2693	2.556762	3.171788	.5077208	4.684622	40
1978	12.169	23.3762	1.6321	108.1387	2.498892	3.151718	.4898675	4.683414	40
1979	12.38	24.3961	1.6012	105.3907	2.516082	3.194423	.4707533	4.657674	40
1980	12.662	27.2358	1.9253	101.1417	2.538605	3.304532	.6550818	4.616522	40
1981	12.736	28.7736	1.8217	94.5573	2.544433	3.359458	.5997701	4.549206	40
1982	12.195	28.9251	1.6871	90.7147	2.501026	3.36471	.5230111	4.50772	40
1977	12.429	28.0721	1.39	116.225	2.520032	3.334776	.3293037	4.755528	41
1978	14.234	25.7457	1.5624	114.975	2.655633	3.248268	.4462231	4.744715	41
1979	14.737	25.4566	1.9237	111.825	2.690361	3.236975	.6542504	4.716935	41
1980	14.829	26.225	2.2251	106.675	2.696585	3.266713	.7998019	4.669787	41
1981	14.911	26.9355	2.2782	97.3	2.702099	3.293445	.8233856	4.577799	41
1982	13.824	27.9656	2.2106	89.525	2.626406	3.330975	.7932639	4.494518	41
1983	13.126	29.7914	2.163	89.6	2.574595	3.39422	.7714962	4.495355	41
1976	1.228	24.006	.2832	106.1747	.2053869	3.178304	-1.261602	4.665086	42
1977	1.805	23.3602	.2926	108.9675	.5905606	3.151034	-1.228949	4.69105	42
1978	1.723	21.2242	.3002	107.8624	.544067	3.055142	-1.203306	4.680856	42
1979	1.779	22.4842	.3269	104.5668	.5760514	3.112813	-1.118101	4.649826	42
1980	1.314	24.015	.2698	100	.2730759	3.178679	-1.310074	4.60517	42
1981	.699	22.7356	.1839	92.743	-.3581045	3.123932	-1.693363	4.529832	42
1982	.606	24.7679	.1295	90.0386	-.5008753	3.209548	-2.044074	4.500238	42
1977	12.072	18.727	2.3629	127.164	2.490889	2.929966	.8598897	4.845478	43
1978	17.859	15.7567	2.4417	127.3866	2.882508	2.757266	.8926945	4.847227	43
1979	17.699	16.1252	2.3225	124.6424	2.873508	2.780383	.8426442	4.825449	43
1980	17.919	16.6001	2.2545	118.9132	2.885862	2.809409	.8129282	4.778394	43
1981	10.983	24.5008	2.3284	99.3576	2.396349	3.198706	.8451813	4.598725	43
1982	9.882	28.2184	2.0258	97.2428	2.290715	3.339974	.7059647	4.577211	43
1983	8.941	29.1313	1.8637	97.1944	2.190647	3.371813	.6225638	4.576713	43
1977	.781	23.7287	.2424	116.225	-.2471801	3.166685	-1.417166	4.755528	44
1978	.84	21.9247	.2341	114.975	-.1743534	3.087614	-1.452007	4.744715	44
1979	.881	21.6863	.258	111.825	-.1266977	3.076681	-1.354796	4.716935	44
1980	.865	20.9797	.2378	106.675	-.1450258	3.043555	-1.436325	4.669787	44
1981	.711	20.5714	.2024	97.3	-.3410828	3.023902	-1.597509	4.577799	44
1982	.589	22.011	.1717	89.525	-.5293291	3.091542	-1.762007	4.494518	44
1983	.756	23.7079	.1697	89.6	-.2797139	3.165808	-1.773723	4.495355	44
1977	32.29	24.8594	11.4903	127.164	3.474758	3.213236	2.441503	4.845478	45
1978	33.916	25.7804	11.571	127.3866	3.523887	3.249614	2.448502	4.847227	45
1979	34.389	26.4298	12.8854	124.6424	3.537737	3.274492	2.556095	4.825449	45
1980	33.348	29.2707	13.173	118.9132	3.506998	3.376587	2.578169	4.778394	45
1981	31.034	28.0546	11.6649	99.3576	3.435083	3.334153	2.456584	4.598725	45
1982	26.226	32.1654	10.877	97.2428	3.266751	3.470891	2.386651	4.577211	45
1983	24.379	32.5037	10.1733	97.1944	3.193722	3.481354	2.319767	4.576713	45
1976	2.971	19.5527	1.0241	126.7636	1.088899	2.973113	.0238141	4.842324	46
1977	3.065	19.2621	.9267	128.3653	1.120048	2.958139	-.0761254	4.85488	46
1978	3.03	18.7115	.9068	124.4507	1.108563	2.929138	-.0978334	4.82391	46
1979	2.96	21.9029	.9192	125.2176	1.085189	3.086619	-.0842515	4.830053	46
1980	2.557	19.7124	.8632	100	.9388347	2.981248	-.1471089	4.60517	46
1981	2.266	23.8853	.8505	97.4305	.8180162	3.173263	-.1619309	4.579139	46
1982	2.168	26.3392	.7995	96.6797	.7738051	3.271058	-.2237688	4.571404	46
1976	2.426	27.3671	.5259	116.4	.8862439	3.309342	-.6426442	4.757032	47
1977	2.142	25.9189	.4055	115.7	.76174	3.254972	-.9026344	4.751	47
1978	1.973	24.8392	.3605	112.8	.6795552	3.212423	-1.020263	4.725616	47
1979	1.794	24.45	.3397	108.9	.5844478	3.19663	-1.079692	4.69043	47
1980	1.553	22.2279	.3148	100	.4401885	3.101348	-1.155818	4.60517	47
1981	1.225	22.2387	.2575	89.2	.2029409	3.101834	-1.356736	4.490881	47
1982	1.077	23.0421	.2311	90.5	.0741794	3.137323	-1.464905	4.50535	47
1976	1.647	25.6132	.3739	126.7636	.4989554	3.243108	-.9837669	4.842324	48
1977	2.337	23.1621	.5212	128.3653	.848868	3.142517	-.6516215	4.85488	48
1978	2.393	23.7969	.5606	124.4507	.8725477	3.169555	-.5787477	4.82391	48
1979	2.354	27.4152	.5667	125.2176	.8561161	3.311098	-.5679253	4.830053	48
1980	2.287	22.8845	.6181	100	.8272409	3.13046	-.481105	4.60517	48
1981	2.045	26.3207	.5239	97.4305	.7153978	3.270356	-.6464545	4.579139	48
1982	1.932	27.6618	.4369	96.6797	.6585557	3.320052	-.828051	4.571404	48
1976	3.758	27.2662	1.0149	117.6	1.323887	3.305648	.0147901	4.767289	49
1977	3.692	24.3014	.9505	115.875	1.306168	3.190534	-.0507671	4.752512	49
1978	3.721	22.9648	.9071	113.525	1.313992	3.133963	-.0975026	4.732023	49
1979	3.699	22.3913	.9706	109.875	1.308062	3.108672	-.0298408	4.699343	49
1980	3.447	22.2398	.8806	102.225	1.237504	3.101883	-.1271518	4.627176	49
1981	2.836	20.6869	.7765	91.9	1.042395	3.029501	-.2529587	4.520701	49
1982	2.613	21.7929	.6508	90.175	.9604989	3.081584	-.4295529	4.501752	49
1976	72.862	25.4009	26.8554	106.1747	4.288567	3.234785	3.290467	4.665086	50
1977	73.291	22.7905	25.6365	108.9675	4.294438	3.126344	3.244017	4.69105	50
1978	70.773	22.2787	26.1747	107.8624	4.259478	3.103631	3.264793	4.680856	50
1979	72.542	22.9295	25.7472	104.5668	4.284166	3.132424	3.248326	4.649826	50
1980	64.803	24.6947	22.4363	100	4.171352	3.206589	3.11068	4.60517	50
1981	48.312	24.7632	18.0145	92.743	3.87768	3.209359	2.891177	4.529832	50
1982	40.609	24.7381	15.8349	90.0386	3.70399	3.208344	2.762216	4.500238	50
1976	.767	23.3293	.2506	125.8064	-.2652684	3.14971	-1.383897	4.834744	51
1977	.756	22.0299	.2244	127.9649	-.2797139	3.092401	-1.494325	4.851756	51
1978	.725	21.6993	.2088	125.4294	-.3215836	3.07728	-1.566378	4.831743	51
1979	.67	23.4722	.1865	125.0259	-.4004775	3.155817	-1.679324	4.828521	51
1980	.645	22.8039	.1684	106.3044	-.438505	3.126932	-1.781413	4.666306	51
1981	.56	25.1938	.1384	98.0729	-.5798185	3.226598	-1.977607	4.585711	51
1982	.552	27.7289	.131	96.8674	-.5942073	3.322475	-2.032558	4.573343	51
1976	14.179	28.0287	2.8489	116.4	2.651762	3.333229	1.046933	4.757032	52
1977	14.224	24.2376	2.6787	115.7	2.654931	3.187905	.9853316	4.751	52
1978	13.965	22.3226	2.5451	112.8	2.636554	3.1056	.9341699	4.725616	52
1979	13.615	22.279	2.5402	108.9	2.611172	3.103645	.9322428	4.69043	52
1980	12.329	21.6679	2.2657	100	2.511954	3.075832	.8178838	4.60517	52
1981	10.505	22.2034	2.4591	89.2	2.351851	3.100245	.8997954	4.490881	52
1982	10.973	21.6407	2.6401	90.5	2.395438	3.074576	.9708168	4.50535	52
1977	6.878	26.0232	1.0358	116.225	1.928328	3.258988	.0351741	4.755528	53
1978	6.947	22.3729	1.0567	114.975	1.93831	3.10785	.0551508	4.744715	53
1979	6.895	22.1866	1.0333	111.825	1.930797	3.099488	.0327576	4.716935	53
1980	6.586	21.4468	1.0466	106.675	1.884946	3.065575	.0455468	4.669787	53
1981	5.619	21.756	.9246	97.3	1.726154	3.07989	-.0783941	4.577799	53
1982	4.685	23.0119	.8291	89.525	1.544366	3.136011	-.1874145	4.494518	53
1983	4.492	25.4869	.7839	89.6	1.502298	3.238165	-.2434738	4.495355	53
1977	3.802	23.7966	.5419	127.164	1.335527	3.169543	-.6126738	4.845478	54
1978	4.109	22.6649	.5817	127.3866	1.41318	3.120817	-.5418004	4.847227	54
1979	4.211	23.049	.6307	124.6424	1.4377	3.137622	-.460925	4.825449	54
1980	4.156	24.87	.6429	118.9132	1.424553	3.213662	-.4417661	4.778394	54
1981	3.759	22.7146	.5881	99.3576	1.324153	3.123008	-.5308583	4.598725	54
1982	3.053	26.2784	.4877	97.2428	1.116125	3.268747	-.7180548	4.577211	54
1983	2.636	27.3659	.4186	97.1944	.9692626	3.309298	-.8708395	4.576713	54
1976	5.482	35.8289	.1852	116.4	1.70147	3.578755	-1.686319	4.757032	55
1977	6.528	33.7451	.2395	115.7	1.876101	3.518835	-1.429202	4.751	55
1978	6.901	32.7853	.3247	112.8	1.931666	3.48998	-1.124854	4.725616	55
1979	7.208	32.3281	.3661	108.9	1.975192	3.475937	-1.004849	4.69043	55
1980	6.501	35.4856	.3876	100	1.871956	3.569127	-.9477814	4.60517	55
1981	5.8	35.0923	.4399	89.2	1.757858	3.557982	-.8212078	4.490881	55
1982	5.656	37.2375	.5037	90.5	1.732717	3.617316	-.6857744	4.50535	55
1976	2.906	22.0219	.5882	126.7636	1.066778	3.092037	-.5306883	4.842324	56
1977	3.028	20.558	.5841	128.3653	1.107902	3.02325	-.5376831	4.85488	56
1978	2.985	20.2542	.5886	124.4507	1.0936	3.008362	-.5300085	4.82391	56
1979	2.877	22.7008	.5663	125.2176	1.056748	3.1224	-.5686314	4.830053	56
1980	2.612	20.4948	.4948	100	.9601162	3.020171	-.7036017	4.60517	56
1981	2.14	25.0394	.3884	97.4305	.7608059	3.220451	-.9457196	4.579139	56
1982	1.56	25.9973	.3334	96.6797	.4446858	3.257993	-1.098412	4.571404	56
1977	2.048	14.6551	.1412	117.9279	.7168638	2.684788	-1.957578	4.770073	57
1978	2.158	14.5408	.1384	120.2607	.7691818	2.676959	-1.977607	4.789662	57
1979	2.011	14.4554	.1432	118.9515	.6986321	2.671068	-1.943513	4.778716	57
1980	1.877	14.2665	.1195	113.406	.6296747	2.657914	-2.124439	4.730974	57
1981	.978	14.2563	.0882	98.1655	-.0222456	2.657199	-2.428148	4.586655	57
1982	.837	15.424	.068	92.3142	-.1779312	2.735925	-2.688247	4.525198	57
1983	.82	16.1724	.0589	92.1207	-.198451	2.783306	-2.831914	4.523099	57
1976	20.84	29.9837	6.9188	116.4	3.036874	3.400654	1.934242	4.757032	58
1977	22.705	26.0771	7.9399	115.7	3.122585	3.261058	2.071901	4.751	58
1978	23.845	25.5265	8.6398	112.8	3.171575	3.239717	2.156379	4.725616	58
1979	23.073	24.4342	8.2436	108.9	3.138663	3.195984	2.109437	4.69043	58
1980	20.52	23.9278	8.6848	100	3.0214	3.175041	2.161574	4.60517	58
1981	16.499	25.0674	8.0988	89.2	2.8033	3.221568	2.091716	4.490881	58
1982	13.949	25.5398	4.693	90.5	2.635408	3.240238	1.546072	4.50535	58
1977	9.849	18.2812	1.3387	117.9279	2.28737	2.905873	.291699	4.770073	59
1978	9.598	17.1099	1.1058	120.2607	2.261555	2.839657	.1005691	4.789662	59
1979	8.943	16.3748	1.0513	118.9515	2.190871	2.795743	.0500275	4.778716	59
1980	7.554	16.273	.8963	113.406	2.022077	2.789507	-.1094801	4.730974	59
1981	5.834	17.3946	.6688	98.1655	1.763703	2.85616	-.4022702	4.586655	59
1982	4.743	19.5092	.5321	92.3142	1.55667	2.970886	-.6309238	4.525198	59
1983	3.982	20.3419	.4639	92.1207	1.381784	3.012683	-.7680863	4.523099	59
1976	3.11	25.5206	.7636	103.7669	1.134623	3.239486	-.2697112	4.642147	60
1977	1.147	24.5873	.3923	106.9042	.1371498	3.20223	-.9357284	4.671933	60
1978	.758	23.163	.1804	109.4623	-.2770719	3.142556	-1.712579	4.69558	60
1979	.769	21.9189	.1691	111.9345	-.2626643	3.087349	-1.777265	4.717914	60
1980	.731	20.4489	.1463	100	-.3133418	3.017929	-1.922096	4.60517	60
1981	.998	21.5611	.1721	93.1862	-.002002	3.070891	-1.75968	4.5346	60
1982	.886	21.1023	.1314	90.8164	-.1210384	3.049382	-2.029509	4.50884	60
1977	2.479	21.6332	.4948	104.5512	.9078553	3.074229	-.7036017	4.649677	61
1978	2.503	21.3619	.4307	107.5437	.91749	3.061609	-.8423434	4.677897	61
1979	2.586	21.6716	.4391	110.0804	.9501123	3.076003	-.8230281	4.701211	61
1980	2.612	22.2521	.4633	108.9509	.9601162	3.102436	-.7693805	4.690897	61
1981	2.231	22.269	.4478	98.2966	.8024499	3.103195	-.8034086	4.587989	61
1982	1.827	24.0683	.3849	92.5937	.6026753	3.180896	-.9547717	4.528221	61
1983	1.71	22.8082	.3386	91.5326	.5364934	3.12712	-1.082936	4.516695	61
1977	2.763	16.0079	.1493	117.9279	1.016317	2.773082	-1.901798	4.770073	62
1978	2.69	15.7933	.1414	120.2607	.9895412	2.759586	-1.956163	4.789662	62
1979	2.651	15.7482	.1373	118.9515	.974937	2.756726	-1.985587	4.778716	62
1980	2.532	15.6637	.1278	113.406	.9290096	2.751346	-2.057289	4.730974	62
1981	2.248	16.4161	.1088	98.1655	.8100409	2.798263	-2.218244	4.586655	62
1982	1.761	17.6932	.0942	92.3142	.5658818	2.87318	-2.362335	4.525198	62
1983	1.85	18.9452	.1433	92.1207	.6151857	2.94155	-1.942815	4.523099	62
1976	.812	39.1043	.5883	110.1	-.208255	3.666233	-.5305183	4.701389	63
1977	.829	34.5228	.5443	109.2	-.1875351	3.54162	-.6082547	4.693181	63
1978	.861	33.4965	.5474	111.9	-.1496608	3.511441	-.6025755	4.717606	63
1979	.857	32.6866	.5671	111	-.1543174	3.486965	-.5672196	4.70953	63
1980	.867	30.7385	.531	100	-.1427163	3.425516	-.6329932	4.60517	63
1981	.842	31.9259	.4441	89	-.1719753	3.463418	-.8117055	4.488636	63
1982	.818	33.8231	.4011	90.9	-.2008929	3.521144	-.9135445	4.50976	63
1976	9.074	33.7068	1.8112	110.1	2.205413	3.517699	.5939896	4.701389	64
1977	9.562	29.4653	1.8613	109.2	2.257797	3.383213	.6212752	4.693181	64
1978	9.488	29.7516	1.9375	111.9	2.250028	3.392883	.6613985	4.717606	64
1979	9.59	27.6723	1.8433	111	2.260721	3.320432	.6115574	4.70953	64
1980	9.38	25.7975	1.7134	100	2.23858	3.250278	.5384797	4.60517	64
1981	8.358	27.2806	1.4133	89	2.123219	3.306176	.3459274	4.488636	64
1982	7.036	27.9863	1.2695	90.9	1.95104	3.331715	.2386231	4.50976	64
1976	25.106	29.9933	7.0049	110.1	3.223107	3.400974	1.94661	4.701389	65
1977	24.019	31.1199	6.98	109.2	3.178845	3.437847	1.943049	4.693181	65
1978	24.081	30.734	6.4631	111.9	3.181423	3.42537	1.866109	4.717606	65
1979	23.688	26.9734	6.0223	111	3.164968	3.294851	1.795469	4.70953	65
1980	21.739	26.2379	5.7822	100	3.079108	3.267205	1.754784	4.60517	65
1981	18.585	28.4281	6.3329	89	2.922355	3.347378	1.845758	4.488636	65
1982	19.566	26.8003	6.237	90.9	2.973793	3.288413	1.830499	4.50976	65
1977	8.5	32.8913	5.291	109.875	2.140066	3.493208	1.666007	4.699343	66
1978	8.5	30.0208	5.4821	109.875	2.140066	3.401891	1.701488	4.699343	66
1979	8.3	30.3238	5.7722	111.675	2.116256	3.411933	1.753053	4.715593	66
1980	8.3	28.0602	5.8627	108.25	2.116256	3.334352	1.76861	4.684443	66
1981	7.7	28.3453	5.578	97.25	2.04122	3.344461	1.71883	4.577285	66
1982	7	35.3102	5.2566	89.475	1.94591	3.564172	1.659484	4.493959	66
1983	6.9	30.0644	5.1088	91.65	1.931521	3.403342	1.630965	4.517977	66
1976	11.658	16.9153	.6378	117.0448	2.455993	2.828218	-.4497305	4.762557	67
1977	12.271	18.3649	.6458	120.5774	2.507239	2.910441	-.4372654	4.792292	67
1978	12.251	18.6629	.7181	119.3105	2.505608	2.926538	-.3311464	4.781729	67
1979	11.82	20.3227	.7518	117.8746	2.469793	3.011739	-.2852849	4.769621	67
1980	10.886	20.3881	.6783	100	2.387478	3.014951	-.3881656	4.60517	67
1981	9.6	20.4621	.5948	92.6621	2.261763	3.018574	-.5195301	4.52896	67
1982	9.766	20.2388	.557	91.2704	2.278907	3.007601	-.5851901	4.513826	67
1976	3.74	36.4379	4.1327	110.1	1.319086	3.595609	1.418931	4.701389	68
1977	3.778	33.8451	4.3587	109.2	1.329195	3.521794	1.472174	4.693181	68
1978	3.811	34.3114	4.4966	111.9	1.337892	3.535478	1.503322	4.717606	68
1979	4.44	30.3201	5.9594	111	1.490654	3.411811	1.78497	4.70953	68
1980	6.308	27.171	5.1319	100	1.841819	3.30215	1.635476	4.60517	68
1981	5.861	28.2645	4.7757	89	1.76832	3.341607	1.563541	4.488636	68
1982	5.429	27.9047	4.068	90.9	1.691755	3.328795	1.403151	4.50976	68
1977	1.272	31.0518	.373	109.875	.2405904	3.435657	-.9861768	4.699343	69
1978	1.292	31.0015	.3952	109.875	.2561915	3.434036	-.9283633	4.699343	69
1979	1.386	30.1143	.4178	111.675	.3264219	3.405	-.8727524	4.715593	69
1980	1.46	27.9505	.5053	108.25	.3784365	3.330435	-.682603	4.684443	69
1981	1.351	26.4982	.482	97.25	.300845	3.277077	-.7298112	4.577285	69
1982	1.365	28.1121	.4646	89.475	.3111544	3.3362	-.7665784	4.493959	69
1983	1.463	27.9712	.4394	91.65	.3804892	3.331175	-.8223451	4.517977	69
1977	2.649	23.6454	.3074	104.5512	.9741822	3.163169	-1.179605	4.649677	70
1978	2.505	22.2871	.3022	107.5437	.9182888	3.104008	-1.196666	4.677897	70
1979	2.403	22.3043	.3024	110.0804	.876718	3.104779	-1.196005	4.701211	70
1980	2.247	21.9789	.2857	108.9509	.809596	3.090083	-1.252813	4.690897	70
1981	1.853	20.3448	.3301	98.2966	.616806	3.012825	-1.10836	4.587989	70
1982	1.322	23.1259	.2424	92.5937	.2791457	3.140953	-1.417166	4.528221	70
1983	.816	25.159	.148	91.5326	-.2033409	3.225216	-1.910543	4.516695	70
1976	1.6	27.6175	.3272	102.5303	.4700036	3.31845	-1.117184	4.630158	71
1977	1.429	23.0534	.3244	106.1199	.3569749	3.137813	-1.125778	4.66457	71
1978	1.605	23.2288	.433	108.8228	.4731238	3.145393	-.8370175	4.689721	71
1979	1.798	23.9066	.4627	111.3165	.5866749	3.174155	-.7706764	4.712378	71
1980	1.586	22.5639	.2929	102.9836	.4612151	3.116351	-1.227924	4.63457	71
1981	1.011	23.9378	.2295	94.8896	.01094	3.175459	-1.471852	4.552714	71
1982	.913	23.9336	.2184	91.4088	-.0910194	3.175283	-1.521427	4.515342	71
1976	13.353	30.6087	2.3559	103.7669	2.591741	3.421284	.8569229	4.642147	72
1977	12.255	29.0961	2.1592	106.9042	2.505934	3.370604	.7697378	4.671933	72
1978	11.963	29.8629	2.0213	109.4623	2.481819	3.396617	.7037409	4.69558	72
1979	11.776	32.9372	1.9421	111.9345	2.466063	3.494603	.6637699	4.717914	72
1980	11.318	32.1349	1.9499	100	2.426394	3.469943	.6677781	4.60517	72
1981	8.781	34.7039	1.728	93.1862	2.17259	3.546852	.5469647	4.5346	72
1982	7.619	33.9987	1.904	90.8164	2.030645	3.526322	.643957	4.50884	72
1977	1.341	35.6866	.4501	104.5512	.2934156	3.574775	-.7982855	4.649677	73
1978	1.385	32.4538	.4686	107.5437	.3257001	3.479818	-.7580057	4.677897	73
1979	1.401	30.5586	.4679	110.0804	.3371863	3.419646	-.7595007	4.701211	73
1980	1.401	33.2424	.4313	108.9509	.3371863	3.503826	-.8409513	4.690897	73
1981	1.34	33.0928	.4491	98.2966	.2926696	3.499316	-.8005098	4.587989	73
1982	1.232	34.5388	.2139	92.5937	.2086389	3.542083	-1.542247	4.528221	73
1983	.665	34.942	.1647	91.5326	-.4079682	3.553689	-1.80363	4.516695	73
1977	3.238	22.4104	.5321	104.5512	1.174956	3.109525	-.6309238	4.649677	74
1978	3.346	21.3399	.5746	107.5437	1.207766	3.060579	-.5540811	4.677897	74
1979	3.307	22.1324	.6099	110.0804	1.196041	3.097043	-.4944603	4.701211	74
1980	3.293	23.0215	.6056	108.9509	1.191799	3.136429	-.5015356	4.690897	74
1981	2.545	21.3698	.4661	98.2966	.9341307	3.061979	-.7633551	4.587989	74
1982	2.339	22.9254	.4095	92.5937	.8497235	3.132246	-.8928184	4.528221	74
1983	2.062	23.856	.3569	91.5326	.7236764	3.172036	-1.0303	4.516695	74
1976	2.863	26.6386	.9361	103.7669	1.05187	3.282361	-.066033	4.642147	75
1977	2.998	24.8662	.91	106.9042	1.097945	3.213509	-.0943106	4.671933	75
1978	2.929	24.6235	.8837	109.4623	1.074661	3.203701	-.1236376	4.69558	75
1979	2.842	25.5661	.7551	111.9345	1.044508	3.241267	-.2809051	4.717914	75
1980	2.305	24.8379	.6255	100	.8350807	3.212371	-.4692039	4.60517	75
1981	2.175	26.6848	.5965	93.1862	.7770286	3.284094	-.5166761	4.5346	75
1982	2.049	26.8873	.5052	90.8164	.7173519	3.291654	-.6828008	4.50884	75
1976	4.67	25.9291	.9712	102.5303	1.541159	3.255366	-.0292229	4.630158	76
1977	4.618	24.0605	.92	106.1199	1.529962	3.180572	-.0833816	4.66457	76
1978	4.622	24.1003	.891	108.8228	1.530828	3.182224	-.1154109	4.689721	76
1979	5.003	25.4288	.9643	111.3165	1.610038	3.235883	-.0363529	4.712378	76
1980	4.957	26.6309	.9377	102.9836	1.600801	3.282072	-.0643252	4.63457	76
1981	4.451	28.103	.8629	94.8896	1.493129	3.335876	-.1474565	4.552714	76
1982	3.871	30.0096	.7693	91.4088	1.353513	3.401517	-.2622743	4.515342	76
1977	6.73	18.5294	1.2649	104.5512	1.906575	2.919359	.234993	4.649677	77
1978	6.541	18.2251	1.2887	107.5437	1.87809	2.9028	.2536339	4.677897	77
1979	5.772	19.808	1.4315	110.0804	1.753019	2.986086	.3587228	4.701211	77
1980	5.624	20.7628	1.2471	108.9509	1.727043	3.033163	.2208209	4.690897	77
1981	4.387	20.9416	1.013	98.2966	1.478646	3.041738	.0129162	4.587989	77
1982	4.461	20.1172	.9076	92.5937	1.495373	3.001575	-.0969515	4.528221	77
1983	4.904	19.8944	.9264	91.5326	1.590051	2.990438	-.0764492	4.516695	77
1976	6.796	26.2715	1.2276	102.5303	1.916334	3.268485	.205061	4.630158	78
1977	7.134	25.423	1.1722	106.1199	1.964872	3.235654	.1588823	4.66457	78
1978	7.517	25.4246	1.1783	108.8228	2.017167	3.235717	.1640727	4.689721	78
1979	8.383	25.5772	1.1592	111.3165	2.126206	3.241701	.1477301	4.712378	78
1980	7.658	24.4399	1.0476	102.9836	2.035751	3.196217	.0465019	4.63457	78
1981	6.589	24.8833	.8037	94.8896	1.885402	3.214197	-.2185293	4.552714	78
1982	6.077	25.6864	.6937	91.4088	1.804511	3.245962	-.3657157	4.515342	78
1976	.456	20.5816	.1082	93.6	-.7852625	3.024397	-2.223774	4.539031	79
1977	.544	22.6286	.1145	97.8	-.608806	3.119215	-2.167181	4.582925	79
1978	.618	22.9645	.1565	102.6	-.4812669	3.13395	-1.854699	4.630838	79
1979	.828	20.2749	.1935	102.2	-.1887421	3.009384	-1.642478	4.626932	79
1980	.75	22.792	.151	100	-.2876821	3.12641	-1.890476	4.60517	79
1981	.604	22.8452	.1301	93.9	-.5041811	3.128741	-2.039452	4.542231	79
1982	.621	22.39	.1194	98.2	-.4764242	3.108614	-2.125276	4.587006	79
1976	2.985	23.1108	.5472	103.7669	1.0936	3.1403	-.6029409	4.642147	80
1977	2.635	22.0767	.5311	106.9042	.9688832	3.094523	-.632805	4.671933	80
1978	2.561	22.4409	.6325	109.4623	.9403979	3.110885	-.4580751	4.69558	80
1979	2.842	23.5774	.8348	111.9345	1.044508	3.160289	-.1805631	4.717914	80
1980	2.991	22.5505	.8178	100	1.095608	3.115757	-.2011375	4.60517	80
1981	2.782	22.9878	.7489	93.1862	1.02317	3.134964	-.2891498	4.5346	80
1982	2.5	23.3723	.6527	90.8164	.9162908	3.151551	-.4266376	4.50884	80
1976	.857	28.0281	.1319	116.4	-.1543174	3.333208	-2.025711	4.757032	81
1977	.865	24.6311	.1299	115.7	-.1450258	3.20401	-2.04099	4.751	81
1978	.857	23.2267	.1811	112.8	-.1543174	3.145303	-1.708706	4.725616	81
1979	.789	22.7316	.1676	108.9	-.236989	3.123756	-1.786175	4.69043	81
1980	.79	21.7588	.1477	100	-.2357223	3.080018	-1.912572	4.60517	81
1981	.704	23.7841	.1241	89.2	-.3509769	3.169017	-2.086668	4.490881	81
1982	.673	25.7037	.1153	90.5	-.39601	3.246635	-2.160218	4.50535	81
1976	5.842	38.3003	.5145	116.4	1.765073	3.645458	-.6645597	4.757032	82
1977	5.033	33.3325	.4814	115.7	1.616016	3.506533	-.7310567	4.751	82
1978	4.961	34.5783	.5469	112.8	1.601607	3.543226	-.6034893	4.725616	82
1979	5.059	34.4117	.536	108.9	1.621169	3.538397	-.6236211	4.69043	82
1980	4.886	35.8734	.5535	100	1.586374	3.579996	-.5914935	4.60517	82
1981	4.868	36.0601	.493	89.2	1.582683	3.585187	-.7072461	4.490881	82
1982	4.735	39.867	.4783	90.5	1.554982	3.685549	-.7375171	4.50535	82
1977	7.045	24.0706	1.5167	127.164	1.952318	3.180991	.4165369	4.845478	83
1978	7.004	22.7387	1.4989	127.3866	1.946481	3.124068	.4047315	4.847227	83
1979	6.774	24.3349	1.3676	124.6424	1.913092	3.191911	.3130574	4.825449	83
1980	5.959	26.8568	1.3883	118.9132	1.784903	3.290519	.3280799	4.778394	83
1981	4.741	25.9133	1.246	99.3576	1.556248	3.254756	.2199385	4.598725	83
1982	3.78	26.9505	1.0578	97.2428	1.329724	3.294002	.0561913	4.577211	83
1983	3.296	29.1934	.8687	97.1944	1.19271	3.373943	-.1407574	4.576713	83
1976	11.004	20.639	1.9605	94.6657	2.398259	3.027183	.6731995	4.550352	84
1977	12.816	17.0108	2.2201	96.39	2.550694	2.833848	.7975522	4.568402	84
1978	15.377	16.4804	2.681	98.6078	2.732873	2.802172	.9861898	4.59115	84
1979	16.206	17.9222	4.4602	100.3584	2.785382	2.88604	1.495194	4.608748	84
1980	16.402	19.3474	4.9272	100.1834	2.797403	2.962558	1.594771	4.607003	84
1981	16.086	20.6074	4.6955	98.6743	2.777949	3.02565	1.546605	4.591825	84
1982	16.83	20.7063	5.0098	99.3807	2.823163	3.030438	1.611396	4.598958	84
1976	32.547	16.869	10.356	93.8333	3.482685	2.825478	2.337566	4.54152	85
1977	30.806	17.4416	9.3943	97.1	3.42771	2.858858	2.240103	4.575741	85
1978	30.379	17.7856	8.6499	101.8	3.413752	2.878389	2.157548	4.62301	85
1979	30.533	18.0352	9.356	102.2667	3.418808	2.892325	2.236018	4.627584	85
1980	29.883	17.8783	8.518	100.3667	3.39729	2.883588	2.142182	4.60883	85
1981	25.172	17.9781	6.6586	94.9167	3.225732	2.889154	1.895909	4.552999	85
1982	22.833	18.004	5.7509	97.4833	3.128207	2.890594	1.749356	4.579681	85
1976	98.259	16.7835	34.1725	94.6657	4.587607	2.820396	3.531421	4.550352	86
1977	99.199	15.3535	32.3654	96.39	4.597128	2.731344	3.47709	4.568402	86
1978	100.415	18.8764	31.8627	98.6078	4.609312	2.937912	3.461436	4.59115	86
1979	108.562	15.37	31.7898	100.3584	4.687321	2.732418	3.459146	4.608748	86
1980	106.565	15.9282	47.1079	100.1834	4.668755	2.768091	3.852441	4.607003	86
1981	103.129	17.1286	44.3527	98.6743	4.635981	2.84075	3.792174	4.591825	86
1982	99.202	17.1878	38.2799	99.3807	4.597158	2.8442	3.644925	4.598958	86
1976	69.9	29.4851	10.2804	116.4	4.247066	3.383885	2.330239	4.757032	87
1977	39.2	24.5453	9.389	115.7	3.668677	3.20052	2.239539	4.751	87
1978	41.4	24.0402	10.1128	112.8	3.723281	3.179727	2.313802	4.725616	87
1979	43	23.2321	10.8523	108.9	3.7612	3.145535	2.384377	4.69043	87
1980	39.5	24.5384	10.4247	100	3.676301	3.200239	2.344178	4.60517	87
1981	35.8	24.5758	10.1215	89.2	3.577948	3.201762	2.314662	4.490881	87
1982	32.4	26.1768	9.5383	90.5	3.478158	3.264874	2.255315	4.50535	87
1976	7.477	33.5636	2.762	110.1	2.011832	3.513442	1.015955	4.701389	88
1977	8.323	33.1529	2.8885	109.2	2.119023	3.50113	1.060737	4.693181	88
1978	8.622	33.5668	2.8583	111.9	2.154317	3.513537	1.050227	4.717606	88
1979	9.135	30.5538	2.0607	111	2.212113	3.419489	.7230457	4.70953	88
1980	8.673	29.007	2.1535	100	2.160215	3.367537	.7670944	4.60517	88
1981	7.244	31.3254	1.8362	89	1.980174	3.444429	.6076982	4.488636	88
1982	7.33	31.6392	1.7845	90.9	1.991976	3.454397	.5791383	4.50976	88
1976	1.11	32.7979	.7792	110.1	.10436	3.490365	-.2494875	4.701389	89
1977	1.338	30.4289	.897	109.2	.291176	3.415393	-.1086994	4.693181	89
1978	1.33	31.5766	1.2879	111.9	.285179	3.452416	.253013	4.717606	89
1979	1.317	28.0631	1.6173	111	.2753564	3.334455	.4807581	4.70953	89
1980	1.341	27.2811	1.4548	100	.2934156	3.306194	.3748685	4.60517	89
1981	1.357	28.4697	1.3437	89	.3052764	3.34884	.2954271	4.488636	89
1982	1.3	27.8811	1.0519	90.9	.2623642	3.327949	.0505981	4.50976	89
1976	11.94	45.2318	6.3813	110.05	2.479894	3.8118	1.853372	4.700935	90
1977	11.703	33.7334	6.5955	109.425	2.459845	3.518488	1.886388	4.69524	90
1978	10.977	24.4283	7.6652	111.225	2.395802	3.195742	2.036691	4.711555	90
1979	10.304	17.6434	7.6837	111.225	2.332532	2.870362	2.039101	4.711555	90
1980	11.795	24.7502	7.3812	102.75	2.467676	3.208834	1.998936	4.632299	90
1981	10.806	25.315	6.7985	91.75	2.380101	3.231397	1.916702	4.519067	90
1982	10.467	26.4062	6.4828	90.425	2.348228	3.273599	1.869153	4.504521	90
1976	.236	31.7209	.0705	104.7664	-1.443923	3.456976	-2.652143	4.651733	91
1977	.248	29.5571	.0748	107.4791	-1.394327	3.386324	-2.592937	4.677297	91
1978	.244	30.2876	.0705	108.9188	-1.410587	3.410738	-2.652143	4.690603	91
1979	.238	31.3887	.0664	111.5591	-1.435485	3.446448	-2.712058	4.714554	91
1980	.227	28.1589	.0699	100	-1.482805	3.337863	-2.66069	4.60517	91
1981	.187	29.4616	.0552	99.3965	-1.676647	3.383088	-2.896792	4.599117	91
1982	.178	31.5145	.0603	99.2931	-1.725972	3.450448	-2.808423	4.598076	91
1976	.287	21.2411	.0515	94.5333	-1.248273	3.055938	-2.966173	4.548952	92
1977	.337	20.2408	.0552	95	-1.087672	3.0077	-2.896792	4.553877	92
1978	.288	22.9591	.0351	99.4	-1.244795	3.133714	-3.349554	4.599152	92
1979	.154	23.6096	.0119	102.4667	-1.870803	3.161654	-4.431217	4.629538	92
1980	.162	23.3397	.0171	101.4667	-1.820159	3.150156	-4.068677	4.61973	92
1981	.152	24.7467	.0176	97.9667	-1.883875	3.208692	-4.039856	4.584628	92
1982	.131	25.7297	.015	95.3333	-2.032558	3.247646	-4.199705	4.557379	92
1977	74.661	20.6721	27.0242	94.65	4.312958	3.028785	3.296733	4.550186	93
1978	75.088	20.9398	27.5732	99	4.318661	3.041652	3.316844	4.59512	93
1979	73.137	21.4613	27.8266	102.5	4.292335	3.066251	3.325992	4.629863	93
1980	101.04	21.5776	36.751	101.65	4.615517	3.071656	3.604165	4.621536	93
1981	90.894	21.2196	31.716	98.475	4.509694	3.054925	3.456821	4.589803	93
1982	78.083	22.6926	30.0867	94.975	4.357772	3.122039	3.404083	4.553614	93
1983	73.559	23.5344	28.705	100.775	4.298088	3.158463	3.357071	4.61289	93
1976	2.517	31.4967	.3275	117.6	.9230677	3.449883	-1.116267	4.767289	94
1977	2.517	28.2251	.3478	115.875	.9230677	3.340212	-1.056128	4.752512	94
1978	2.501	27.8012	.3511	113.525	.9166906	3.325079	-1.046684	4.732023	94
1979	2.398	26.7117	.3839	109.875	.874635	3.285102	-.9573732	4.699343	94
1980	2.312	26.1239	.3905	102.225	.838113	3.262851	-.9403273	4.627176	94
1981	1.928	25.9267	.3578	91.9	.6564832	3.255273	-1.027781	4.520701	94
1982	1.657	28.8777	.2766	90.175	.5050087	3.36307	-1.285183	4.501752	94
1976	.953	26.1335	.3214	126.7636	-.0481404	3.263218	-1.135069	4.842324	95
1977	.947	24.081	.3291	128.3653	-.0544562	3.181423	-1.111394	4.85488	95
1978	.925	23.9431	.3767	124.4507	-.0779615	3.17568	-.9763061	4.82391	95
1979	1.074	26.5404	.4422	125.2176	.07139	3.278668	-.815993	4.830053	95
1980	1.051	23.3327	.3851	100	.0497421	3.149856	-.9542522	4.60517	95
1981	.934	28.9287	.278	97.4305	-.0682788	3.364834	-1.280134	4.579139	95
1982	.876	28.8886	.2524	96.6797	-.1323892	3.363447	-1.37674	4.571404	95
1976	51.395	22.8392	9.2438	126.7636	3.939541	3.128478	2.223953	4.842324	96
1977	51.49	21.413	8.7652	128.3653	3.941388	3.063998	2.170789	4.85488	96
1978	60.3	23.0936	12.8005	124.4507	4.099332	3.139555	2.549484	4.82391	96
1979	59.5	25.8283	12.1624	125.2176	4.085976	3.251471	2.498349	4.830053	96
1980	50.3	23.7527	11.0556	100	3.918005	3.167696	2.402937	4.60517	96
1981	42.6	25.8348	9.7609	97.4305	3.751854	3.251722	2.278384	4.579139	96
1982	27.7	27.8422	5.1663	96.6797	3.321432	3.326553	1.642157	4.571404	96
1976	23.423	30.9571	3.6468	117.6	3.153718	3.432602	1.29385	4.767289	97
1977	23.567	26.5777	3.8748	115.875	3.159847	3.280072	1.354494	4.752512	97
1978	23.989	24.1514	4.3406	113.525	3.177595	3.184342	1.468013	4.732023	97
1979	23.347	23.2528	4.4106	109.875	3.150469	3.146425	1.484011	4.699343	97
1980	22.597	24.5296	4.3723	102.225	3.117817	3.199881	1.475289	4.627176	97
1981	17.405	24.1678	3.6176	91.9	2.856758	3.185021	1.285811	4.520701	97
1982	14.94	25.9439	2.8927	90.175	2.704042	3.255936	1.06219	4.501752	97
1977	3.625	30.7471	3.066	127.164	1.287854	3.425796	1.120374	4.845478	98
1978	4.23	27.5076	3.5439	127.3866	1.442202	3.314462	1.265228	4.847227	98
1979	4.192	28.1268	4.6375	124.6424	1.433178	3.336723	1.534175	4.825449	98
1980	4.165	34.055	4.9048	118.9132	1.426716	3.527977	1.590214	4.778394	98
1981	8.507	28.4234	6.2087	99.3576	2.140889	3.347213	1.825952	4.598725	98
1982	7.72	33.6785	6.2589	97.2428	2.043814	3.51686	1.834005	4.577211	98
1983	7.221	35.917	6.3804	97.1944	1.976993	3.581211	1.853231	4.576713	98
1977	1.082	26.2809	.2225	104.5512	.0788112	3.268842	-1.502828	4.649677	99
1978	1.085	24.9293	.2375	107.5437	.08158	3.216044	-1.437588	4.677897	99
1979	1.112	26.2064	.2669	110.0804	.1061602	3.266004	-1.320881	4.701211	99
1980	1.082	25.9102	.2488	108.9509	.0788112	3.254637	-1.391106	4.690897	99
1981	.911	25.9697	.1521	98.2966	-.0932124	3.25693	-1.883217	4.587989	99
1982	.572	27.1899	.1287	92.5937	-.5586162	3.302845	-2.050271	4.528221	99
1983	.52	26.4638	.1103	91.5326	-.6539265	3.275778	-2.204551	4.516695	99
1977	4.545	19.9901	1.9634	127.6979	1.514028	2.995237	.6746777	4.849667	100
1978	4.917	22.2086	2.0045	126.0818	1.592699	3.10048	.6953946	4.836931	100
1979	5.068	24.4737	1.5128	124.8981	1.622946	3.197599	.4139622	4.827498	100
1980	5.717	21.7729	1.5108	110.5073	1.743444	3.080666	.4126393	4.705081	100
1981	5.333	22.7776	1.4888	98.5011	1.673914	3.125777	.3979705	4.590068	100
1982	5.053	26.6135	1.3406	96.9925	1.619982	3.281419	.2931173	4.574634	100
1983	5.739	28.1484	1.2453	97.8807	1.747285	3.337491	.2193765	4.583749	100
1977	4.976	20.8294	.8609	117.9279	1.604626	3.036366	-.1497769	4.770073	101
1978	4.997	19.5857	.8401	120.2607	1.608838	2.9748	-.1742344	4.789662	101
1979	5.062	19.4888	.9437	118.9515	1.621762	2.96984	-.0579469	4.778716	101
1980	5.07	19.6896	.9933	113.406	1.623341	2.980091	-.0067225	4.730974	101
1981	4.435	18.663	.8783	98.1655	1.489528	2.926543	-.129767	4.586655	101
1982	3.446	22.7051	.7825	92.3142	1.237214	3.12259	-.2452613	4.525198	101
1983	2.965	23.8546	.5947	92.1207	1.086877	3.171977	-.5196983	4.523099	101
1977	.607	27.964	.2618	105.4446	-.4992265	3.330918	-1.340174	4.658186	102
1978	.723	25.9473	.3328	107.839	-.3243461	3.256068	-1.100214	4.680639	102
1979	.783	27.1254	.3829	109.5789	-.2446226	3.300471	-.9599814	4.696645	102
1980	.884	26.2789	.4599	108.6693	-.1232982	3.268766	-.7767462	4.688309	102
1981	.886	26.058	.4374	99.8491	-.1210384	3.260325	-.8269072	4.60366	102
1982	.915	29.4055	.4164	99.3706	-.0888312	3.381182	-.876109	4.598856	102
1983	.988	29.6766	.5157	101.243	-.0120726	3.390359	-.6622301	4.617524	102
1976	.465	21.5598	.0625	93.6	-.7657179	3.07083	-2.772589	4.539031	103
1977	.431	20.1996	.0748	97.8	-.8416472	3.005663	-2.592937	4.582925	103
1978	.463	18.8003	.0828	102.6	-.7700282	2.933873	-2.491327	4.630838	103
1979	.472	19.4719	.0984	102.2	-.7507763	2.968972	-2.318715	4.626932	103
1980	.457	19.6674	.1006	100	-.7830719	2.978962	-2.296603	4.60517	103
1981	.329	24.3259	.0817	93.9	-1.111698	3.191542	-2.504701	4.542231	103
1982	.296	19.6459	.0717	98.2	-1.217396	2.977869	-2.635265	4.587006	103
1977	1.388	17.588	.5916	95.821	.3278639	2.867217	-.5249246	4.562482	104
1978	1.457	17.5897	.6071	97.5654	.3763795	2.867314	-.4990617	4.580523	104
1979	1.607	17.7528	.6685	99.7333	.4743691	2.876543	-.4027189	4.602499	104
1980	1.702	18.5251	.7078	100.489	.531804	2.919127	-.3455938	4.610048	104
1981	1.689	20.0503	.6499	99.4108	.5241367	2.998244	-.4309368	4.599261	104
1982	1.546	21.7813	1.5735	98.7427	.4356709	3.081052	.4533025	4.592517	104
1983	1.563	21.2727	1.3786	100.1189	.446607	3.057425	.3210685	4.606359	104
1984	1.564	22.1724	1.2611	101.2078	.4472466	3.098848	.2319844	4.617176	104
1977	.291	24.2182	.288	96.2762	-1.234432	3.187104	-1.244795	4.567221	105
1978	.292	25.3907	.2721	98.3993	-1.231001	3.234383	-1.301586	4.589034	105
1979	.305	24.8706	.2701	100.2334	-1.187443	3.213686	-1.308963	4.607502	105
1980	.323	28.4213	.2708	100.2445	-1.130103	3.347139	-1.306375	4.607612	105
1981	.309	28.6987	.2362	98.8216	-1.174414	3.356852	-1.443076	4.593316	105
1982	.288	28.3691	.2045	99.2531	-1.244795	3.3453	-1.587187	4.597673	105
1983	.262	30.3408	.2762	100.4744	-1.339411	3.412493	-1.28663	4.609903	105
1984	.247	28.1751	.2529	101.5857	-1.398367	3.338439	-1.374761	4.620903	105
1977	1.919	10.3138	.4603	96.39	.6518042	2.333483	-.7758768	4.568402	106
1978	2.005	10.0798	.7612	98.6078	.6956441	2.310533	-.2728591	4.59115	106
1979	2.051	10.0004	.7909	100.3584	.7183275	2.302625	-.2345838	4.608748	106
1980	2.092	10.8353	.7362	100.1834	.7381206	2.382809	-.3062535	4.607003	106
1981	2.109	11.1389	.6373	98.6743	.7462139	2.410444	-.4505148	4.591825	106
1982	2.037	10.6458	.543	99.3807	.7114781	2.365165	-.610646	4.598958	106
1983	2.028	10.6346	.4959	100.5633	.7070501	2.364113	-.701381	4.610787	106
1984	1.969	10.7869	.4449	101.6802	.6775258	2.378332	-.8099057	4.621832	106
1977	.985	10.4995	.4069	95.7072	-.0151136	2.351328	-.8991879	4.561294	107
1978	1.075	11.1334	.4531	97.3569	.0723207	2.40995	-.7916424	4.578383	107
1979	1.149	10.7004	.7716	99.6083	.138892	2.370281	-.259289	4.601245	107
1980	1.395	10.1563	.754	100.5501	.3328944	2.318094	-.2823629	4.610656	107
1981	1.712	11.4474	.7553	99.5581	.5376623	2.437763	-.2806403	4.600741	107
1982	1.607	13.8097	.6803	98.6151	.4743691	2.625371	-.3852214	4.591224	107
1983	1.655	13.1138	.678	100.0301	.503801	2.573665	-.388608	4.605471	107
1984	1.639	13.5973	.7093	101.1133	.4940863	2.609871	-.3434767	4.616241	107
1977	.648	23.7486	.5858	95.7072	-.4338646	3.167524	-.5347769	4.561294	108
1978	.595	24.8119	.5836	97.3569	-.5191938	3.211323	-.5385395	4.578383	108
1979	.648	23.5334	1.1327	99.6083	-.4338646	3.158421	.1246041	4.601245	108
1980	.669	25.3039	1.0775	100.5501	-.4019712	3.230958	.0746435	4.610656	108
1981	.748	24.0532	.9887	99.5581	-.2903523	3.180268	-.0113644	4.600741	108
1982	.744	24.7047	.8612	98.6151	-.2957142	3.206994	-.1494285	4.591224	108
1983	.767	24.0431	.7773	100.0301	-.2652684	3.179848	-.2519289	4.605471	108
1984	.824	23.9268	.9389	101.1133	-.1935848	3.174999	-.0630463	4.616241	108
1977	4.742	10.2997	1.2939	96.39	1.556459	2.332115	.2576609	4.568402	109
1978	4.96	10.3787	1.3694	98.6078	1.601406	2.339756	.3143727	4.59115	109
1979	5.146	10.5851	1.4332	100.3584	1.63822	2.359447	.3599097	4.608748	109
1980	5.429	10.7233	1.4141	100.1834	1.691755	2.372419	.3464933	4.607003	109
1981	5.443	11.2023	1.3161	98.6743	1.69433	2.416119	.2746728	4.591825	109
1982	5.62	10.6793	1.223	99.3807	1.726332	2.368307	.2013069	4.598958	109
1983	5.663	10.775	1.1919	100.5633	1.733954	2.377228	.1755487	4.610787	109
1984	5.697	10.6654	1.2924	101.6802	1.73994	2.367005	.256501	4.621832	109
1977	5.693	25.7399	.9681	127.164	1.739237	3.248042	-.0324199	4.845478	110
1978	5.593	23.7876	.9648	127.3866	1.721516	3.169164	-.0358345	4.847227	110
1979	5.261	22.7549	.8962	124.6424	1.660321	3.12478	-.1095917	4.825449	110
1980	4.579	23.2911	.8825	118.9132	1.521481	3.148071	-.1249965	4.778394	110
1981	4.219	22.2592	.9658	99.3576	1.439598	3.102755	-.0347985	4.598725	110
1982	3.646	25.1687	.8046	97.2428	1.293631	3.225601	-.21741	4.577211	110
1983	3.25	26.6654	.678	97.1944	1.178655	3.283367	-.388608	4.576713	110
1984	2.637	28.367	.498	99.9862	.9696419	3.345227	-.6971552	4.605032	110
1977	2.028	27.2529	.2108	116.05	.7070501	3.30516	-1.556845	4.754021	111
1978	2.013	24.5922	.3266	114.25	.6996261	3.202429	-1.119019	4.738389	111
1979	1.989	23.382	.3217	110.85	.687632	3.151967	-1.134136	4.708178	111
1980	1.773	22.0418	.2854	104.45	.572673	3.092941	-1.253864	4.648708	111
1981	1.662	22.9619	.2386	94.6	.5080217	3.133836	-1.432967	4.549657	111
1982	1.385	23.8057	.2	89.85	.3257001	3.169925	-1.609438	4.498142	111
1983	1.172	25.6822	.171	88.7	.1587117	3.245798	-1.766092	4.48526	111
1984	1.097	26.0709	.1301	87.15	.0925792	3.26082	-2.039452	4.467631	111
1977	3.429	21.9379	.4373	106.8729	1.232269	3.088216	-.8271358	4.67164	112
1978	3.085	21.1797	.4176	108.6912	1.126552	3.053043	-.8732312	4.688511	112
1979	3.083	21.6258	.3866	107.0385	1.125903	3.073887	-.9503648	4.673189	112
1980	3.071	21.3413	.3732	103.4251	1.122003	3.060644	-.9856408	4.638848	112
1981	2.476	23.5629	.3309	98.1858	.9066444	3.159673	-1.105939	4.586862	112
1982	1.723	23.6346	.268	92.0669	.544067	3.162712	-1.316768	4.522515	112
1983	1.487	24.4649	.1994	89.8429	.3967607	3.197239	-1.612442	4.498063	112
1984	1.291	24.1618	.1513	88.4593	.2554171	3.184773	-1.888491	4.482543	112
1976	1.824	23.2962	.2204	93.95	.6010319	3.14829	-1.512311	4.542763	113
1977	1.919	22.2	.2093	96.75	.6518042	3.100092	-1.563987	4.57213	113
1978	1.933	22.5797	.2094	101.4	.6590732	3.117051	-1.563509	4.619073	113
1979	1.816	23.4644	.2183	102.3	.5966363	3.155484	-1.521885	4.62791	113
1980	1.603	21.9765	.1875	100.55	.4718769	3.089974	-1.673976	4.610655	113
1981	1.308	23.0192	.1674	95.425	.2684992	3.136329	-1.787369	4.558341	113
1982	1.03	25.0577	.1267	97.125	.0295588	3.221181	-2.065933	4.575999	113
1983	.749	26.0665	.1068	105.925	-.2890163	3.260651	-2.236797	4.662731	113
1977	.575	24.0739	.0739	120.5774	-.5533853	3.181128	-2.605042	4.792292	114
1978	.554	23.7087	.0723	119.3105	-.5905905	3.165842	-2.626931	4.781729	114
1979	.58	23.4351	.072	117.8746	-.5447272	3.154235	-2.631089	4.769621	114
1980	.489	23.0382	.0647	100	-.7153928	3.137154	-2.737994	4.60517	114
1981	.471	21.4069	.0563	92.6621	-.7528972	3.063713	-2.877061	4.52896	114
1982	1.055	10.8961	.0468	91.2704	.0535407	2.388405	-3.061872	4.513826	114
1983	.44	27.4643	.0407	94.6714	-.8209805	3.312887	-3.201527	4.550412	114
1984	.463	30.7165	.0372	97.903	-.7700282	3.4248	-3.291446	4.583977	114
1977	1.86	17.7334	.2389	120.5774	.6205765	2.87545	-1.43171	4.792292	115
1978	1.847	17.2787	.2212	119.3105	.6135627	2.849474	-1.508688	4.781729	115
1979	1.738	17.1169	.2107	117.8746	.552735	2.840066	-1.55732	4.769621	115
1980	1.57	17.5075	.1874	100	.4510756	2.862629	-1.67451	4.60517	115
1981	1.346	20.4505	.155	92.6621	.2971372	3.018007	-1.86433	4.52896	115
1982	1.368	20.3735	.1386	91.2704	.3133498	3.014235	-1.976163	4.513826	115
1983	1.358	18.8066	.1279	94.6714	.306013	2.934208	-2.056507	4.550412	115
1984	1.469	17.8697	.1342	97.903	.3845819	2.883106	-2.008424	4.583977	115
1977	1.924	19.9749	.3072	117.6336	.6544064	2.994477	-1.180256	4.767575	116
1978	1.918	19.7248	.3144	120.3662	.651283	2.981877	-1.157089	4.790539	116
1979	1.949	19.0903	.3315	119.0712	.6673164	2.94918	-1.104128	4.779722	116
1980	1.958	19.4351	.3466	114.8955	.6719235	2.967081	-1.059584	4.744023	116
1981	1.758	19.2656	.2853	98.777	.5641768	2.958321	-1.254214	4.592865	116
1982	1.651	20.942	.243	92.4302	.5013812	3.041757	-1.414694	4.526454	116
1983	1.63	21.027	.2155	91.8372	.48858	3.045807	-1.534794	4.520018	116
1984	1.645	22.0182	.1978	95.21	.4977404	3.091869	-1.620499	4.556085	116
1977	10.824	18.3648	2.3443	107.4791	2.381766	2.910436	.8519869	4.677297	117
1978	10.609	19.1535	2.3637	108.9188	2.361703	2.952486	.8602282	4.690603	117
1979	10.664	19.335	2.4824	111.5591	2.366874	2.961917	.9092258	4.714554	117
1980	8.588	19.156	2.214	100	2.150366	2.952616	.7948008	4.60517	117
1981	7.729	22.4141	2.086	99.3965	2.04498	3.10969	.7352483	4.599117	117
1982	7.202	21.628	2.0489	99.2931	1.974359	3.073989	.717303	4.598076	117
1983	7.076	21.7177	2.043	107.0929	1.956709	3.078128	.7144193	4.673697	117
1984	6.773	21.3739	2.1783	113.4571	1.912944	3.062171	.7785447	4.731425	117
1976	4.027	14.3738	.3986	116.8157	1.393022	2.665407	-.9197968	4.760597	118
1977	3.79	15.0237	.417	118.2223	1.332366	2.709629	-.8746691	4.772567	118
1978	4.043	14.9687	.6444	120.1551	1.396987	2.705961	-.4394356	4.788784	118
1979	4.958	15.1323	.9722	118.8319	1.601002	2.716831	-.0281938	4.77771	118
1980	4.769	15.4628	.6506	111.9164	1.562137	2.738437	-.4298602	4.717752	118
1981	4.427	15.3375	.5422	97.554	1.487722	2.730301	-.6121203	4.580406	118
1982	4.05	16.1761	.4127	92.1982	1.398717	2.783535	-.8850343	4.523941	118
1983	3.827	16.9557	.3452	92.4041	1.342081	2.830604	-1.063631	4.526171	118
1977	2.219	41.6654	.3679	109.875	.7970567	3.729671	-.9999441	4.699343	119
1978	2.177	28.3199	.3584	109.875	.7779478	3.343565	-1.026106	4.699343	119
1979	1.983	28.7494	.3548	111.675	.6846108	3.358617	-1.036201	4.715593	119
1980	1.965	27.1354	.3525	108.25	.6754923	3.300839	-1.042705	4.684443	119
1981	1.863	24.5027	.309	97.25	.6221881	3.198783	-1.174414	4.577285	119
1982	1.542	25.5927	.2576	89.475	.4330803	3.242307	-1.356347	4.493959	119
1983	1.42	25.3738	.2208	91.65	.3506568	3.233717	-1.510498	4.517977	119
1984	1.265	23.2838	.2011	94.175	.2350721	3.147758	-1.603953	4.545155	119
1977	1.13	22.909	.1883	105.597	.1222176	3.13153	-1.669719	4.65963	120
1978	1.115	22.7145	.1974	108.3964	.1088544	3.123003	-1.622523	4.685795	120
1979	1.117	23.9824	.2649	110.9044	.1106465	3.17732	-1.328403	4.708669	120
1980	1.224	24.9015	.2947	104.9727	.2021242	3.214928	-1.221797	4.6537	120
1981	1.18	23.6554	.2536	96.0253	.1655144	3.163591	-1.371997	4.564612	120
1982	1.61	24.0295	.2633	91.8038	.4762342	3.179282	-1.334461	4.519654	120
1983	1.501	25.0074	.2373	92.4875	.4061316	3.219172	-1.43843	4.527073	120
1984	1.47	24.1847	.2448	96.0539	.3852624	3.18572	-1.407314	4.564909	120
1977	1.255	25.9437	.2615	104.5512	.2271356	3.255929	-1.341321	4.649677	121
1978	1.334	23.2267	.2502	107.5437	.2881819	3.145303	-1.385495	4.677897	121
1979	1.368	23.5225	.3159	110.0804	.3133498	3.157957	-1.15233	4.701211	121
1980	1.395	25.4445	.296	108.9509	.3328944	3.2365	-1.217396	4.690897	121
1981	1.404	26.1105	.384	98.2966	.3393253	3.262337	-.9571127	4.587989	121
1982	1.345	27.7335	.3303	92.5937	.296394	3.322641	-1.107754	4.528221	121
1983	1.315	29.1195	.2976	91.5326	.2738367	3.371408	-1.212005	4.516695	121
1984	1.296	29.4031	.2763	94.6981	.2592826	3.3811	-1.286268	4.550694	121
1976	3.054	28.2073	.5398	103.7669	1.116452	3.339581	-.6165566	4.642147	122
1977	3.16	25.7613	.5627	106.9042	1.150572	3.248873	-.5750087	4.671933	122
1978	3.073	25.416	.6591	109.4623	1.122654	3.235379	-.41688	4.69558	122
1979	3.009	26.4508	.6394	111.9345	1.101608	3.275286	-.447225	4.717914	122
1980	2.721	25.7973	.5309	100	1.000999	3.25027	-.6331816	4.60517	122
1981	2.238	29.4372	.4483	93.1862	.8055826	3.382259	-.8022926	4.5346	122
1982	1.766	30.7266	.3666	90.8164	.5687171	3.425129	-1.003484	4.50884	122
1983	1.673	31.1674	.352	93.6813	.5146184	3.439373	-1.044124	4.539898	122
1976	.612	18.3723	.1227	103.7669	-.491023	2.910844	-2.098013	4.642147	123
1977	.626	18.1238	.1423	106.9042	-.4684049	2.897226	-1.949818	4.671933	123
1978	.638	18.5936	.139	109.4623	-.449417	2.922817	-1.973281	4.69558	123
1979	.656	19.7904	.1307	111.9345	-.4215945	2.985197	-2.034851	4.717914	123
1980	.659	18.8543	.1186	100	-.4170318	2.936741	-2.131999	4.60517	123
1981	.632	20.2862	.1083	93.1862	-.4588659	3.009941	-2.22285	4.5346	123
1982	.632	20.1776	.1195	90.8164	-.4588659	3.004573	-2.124439	4.50884	123
1983	.633	18.938	.1156	93.6813	-.4572848	2.94117	-2.157619	4.539898	123
1977	.142	34.4033	.072	110.025	-1.951928	3.538152	-2.631089	4.700707	124
1978	.134	32.7509	.0754	109.425	-2.009915	3.48893	-2.584948	4.69524	124
1979	.135	32.6753	.0727	111.825	-2.002481	3.486619	-2.621414	4.716935	124
1980	.131	30.1467	.0692	110.0833	-2.032558	3.406075	-2.670754	4.701237	124
1981	.125	31.6479	.0618	99.0833	-2.079442	3.454672	-2.783852	4.595961	124
1982	.126	29.6343	.0451	89.1583	-2.071473	3.388932	-3.098873	4.490414	124
1983	.123	29.3702	.0411	91.15	-2.095571	3.379981	-3.191747	4.512506	124
1984	.122	27.0973	.0358	93.9917	-2.103734	3.299434	-3.329808	4.543207	124
1977	.451	19.8535	.111	117.3392	-.796288	2.98838	-2.198225	4.765069	125
1978	.458	19.4511	.1039	120.4718	-.7808861	2.967904	-2.264326	4.791416	125
1979	.454	18.9776	.101	119.1908	-.7896581	2.943259	-2.292635	4.780725	125
1980	.446	19.2195	.0956	116.3851	-.8074363	2.955925	-2.347582	4.756905	125
1981	.399	19.3864	.0808	99.3885	-.9187939	2.964572	-2.515778	4.599036	125
1982	.37	21.3976	.0736	92.5462	-.9942523	3.063279	-2.60911	4.527708	125
1983	.364	22.2704	.0684	91.5538	-1.010601	3.103258	-2.682382	4.516927	125
1984	.358	22.3938	.0619	94.9407	-1.027222	3.108784	-2.782235	4.553252	125
1977	.267	23.3294	.0618	118.2223	-1.320507	3.149714	-2.783852	4.772567	126
1978	.264	22.6358	.0709	120.1551	-1.331806	3.119533	-2.646485	4.788784	126
1979	.259	21.8032	.0691	118.8319	-1.350927	3.082057	-2.6722	4.77771	126
1980	.236	20.7877	.0475	111.9164	-1.443923	3.034362	-3.047026	4.717752	126
1981	.159	25.3518	.0401	97.554	-1.838851	3.23285	-3.216379	4.580406	126
1982	.144	26.2677	.0331	92.1982	-1.937942	3.26834	-3.408222	4.523941	126
1983	.131	30.2122	.0288	92.4041	-2.032558	3.408246	-3.54738	4.526171	126
1984	.104	34.3319	.0234	95.7486	-2.263364	3.536075	-3.755019	4.561726	126
1976	1.138	14.6985	.6899	94.6657	.1292723	2.687745	-.3712086	4.550352	127
1977	1.064	14.4097	.6873	96.39	.0620354	2.667902	-.3749844	4.568402	127
1978	1.135	14.9179	.6711	98.6078	.1266326	2.702562	-.3988371	4.59115	127
1979	1.273	14.3948	.6783	100.3584	.2413763	2.666867	-.3881656	4.608748	127
1980	1.51	14.2655	.6525	100.1834	.4121096	2.657844	-.4269442	4.607003	127
1981	1.518	14.5068	1.0773	98.6743	.4173937	2.674618	.0744579	4.591825	127
1982	1.533	14.5422	.9545	99.3807	.4272266	2.677055	-.0465676	4.598958	127
1983	1.493	15.1643	.8791	100.5633	.4007875	2.718944	-.1288566	4.610787	127
1984	1.589	16.2798	.9399	101.6802	.4631049	2.789925	-.0619818	4.621832	127
1976	1.702	14.2391	.4223	94.6657	.531804	2.655992	-.8620393	4.550352	128
1977	1.834	13.9061	.4486	96.39	.6064994	2.632328	-.8016236	4.568402	128
1978	2.006	12.7122	.4685	98.6078	.6961427	2.542562	-.7582192	4.59115	128
1979	2.053	12.706	.467	100.3584	.7193021	2.542074	-.761426	4.608748	128
1980	1.777	14.7105	.3956	100.1834	.5749265	2.688561	-.9273517	4.607003	128
1981	1.582	14.4531	.4757	98.6743	.4586899	2.670909	-.7429679	4.591825	128
1982	1.475	14.8611	.4024	99.3807	.388658	2.698747	-.9103087	4.598958	128
1983	1.439	15.3642	.3803	100.5633	.3639484	2.73204	-.9667949	4.610787	128
1984	1.327	14.7592	.3677	101.6802	.2829208	2.691867	-1.000488	4.621832	128
1976	.768	8.8274	.2008	94.6657	-.2639655	2.17786	-1.605446	4.550352	129
1977	.787	8.3602	.1919	96.39	-.239527	2.123482	-1.650781	4.568402	129
1978	.804	8.235	.194	98.6078	-.218156	2.108393	-1.639897	4.59115	129
1979	.864	8.0171	.1991	100.3584	-.1461825	2.081577	-1.613948	4.608748	129
1980	.921	8.482	.2149	100.1834	-.0822952	2.137946	-1.537583	4.607003	129
1981	.91	8.9606	.3974	98.6743	-.0943106	2.192837	-.922812	4.591825	129
1982	.871	9.1366	.3414	99.3807	-.1381133	2.212288	-1.0747	4.598958	129
1983	.874	9.188	.3018	100.5633	-.1346749	2.217898	-1.197991	4.610787	129
1984	.852	9.2132	.2791	101.6802	-.1601688	2.220637	-1.276185	4.621832	129
1976	20	29.3096	23.5673	101.7754	2.995732	3.377915	3.15986	4.622768	130
1977	20.7	27.4919	24.7266	106.8009	3.030134	3.313891	3.20788	4.670966	130
1978	20.5	29.6514	42.9429	108.5589	3.020425	3.389509	3.759871	4.687293	130
1979	20.6	29.6955	43.6651	110.899	3.025291	3.390996	3.776549	4.70862	130
1980	18.5	30.4417	41.6999	102.8898	2.917771	3.415813	3.730499	4.633658	130
1981	15	34.6777	43.6712	99.5474	2.70805	3.546097	3.776689	4.600634	130
1982	12.348	37.102	40.9263	99.3189	2.513494	3.613671	3.711773	4.598336	130
1983	10.52	35.8649	42.2169	105.1429	2.353278	3.579759	3.742821	4.65532	130
1984	9.43	36.6006	43.001	111.8661	2.243896	3.600065	3.761223	4.717303	130
1976	4.1	25.5575	.504	103.7669	1.410987	3.240931	-.685179	4.642147	131
1977	4.046	24.7373	.5298	106.9042	1.397729	3.208312	-.6352557	4.671933	131
1978	3.566	24.3928	.5078	109.4623	1.271445	3.194288	-.6776676	4.69558	131
1979	3.102	24.7254	.4198	111.9345	1.132047	3.207831	-.8679768	4.717914	131
1980	2.886	22.4762	.4463	100	1.059871	3.112457	-.8067639	4.60517	131
1981	2.514	22.8572	.4046	93.1862	.9218751	3.129266	-.9048564	4.5346	131
1982	2.306	23.112	.3022	90.8164	.8355144	3.140352	-1.196666	4.50884	131
1983	1.462	22.8959	.2524	93.6813	.3798054	3.130958	-1.37674	4.539898	131
1984	1.447	21.4005	.2374	97.7487	.3694925	3.063414	-1.438009	4.5824	131
1976	.971	20.0884	.1139	126.7636	-.0294288	3.000143	-2.172434	4.842324	132
1977	.954	18.1755	.1173	128.3653	-.0470916	2.900074	-2.143021	4.85488	132
1978	.925	17.4424	.1337	124.4507	-.0779615	2.858904	-2.012157	4.82391	132
1979	.901	19.7138	.1293	125.2176	-.10425	2.981319	-2.04562	4.830053	132
1980	.883	17.1502	.1183	100	-.1244301	2.84201	-2.134531	4.60517	132
1981	.728	20.0918	.1001	97.4305	-.3174542	3.000312	-2.301586	4.579139	132
1982	.666	21.8719	.0965	96.6797	-.4064656	3.085203	-2.338212	4.571404	132
1983	.622	25.1634	.0938	98.7386	-.4748152	3.225391	-2.36659	4.592476	132
1984	.615	24.6744	.0902	103.7289	-.486133	3.205766	-2.405726	4.641781	132
1976	2.166	27.6221	.2842	117.6	.7728821	3.318616	-1.258077	4.767289	133
1977	2.398	25.0826	.2757	115.875	.874635	3.222174	-1.288442	4.752512	133
1978	2.357	23.2591	.2763	113.525	.8573897	3.146697	-1.286268	4.732023	133
1979	2.356	22.5165	.2901	109.875	.8569652	3.114248	-1.23753	4.699343	133
1980	2.509	22.6193	.3147	102.225	.9198843	3.118804	-1.156135	4.627176	133
1981	2.113	22.3941	.2725	91.9	.7481087	3.108798	-1.300117	4.520701	133
1982	1.95	25.2626	.2536	90.175	.6678294	3.229325	-1.371997	4.501752	133
1983	1.708	26.7044	.2327	87.8	.5353231	3.284828	-1.458005	4.475061	133
1984	1.714	27.6099	.2187	87.275	.5388298	3.318174	-1.520054	4.469064	133
1976	13.026	15.22	1.503	117.0448	2.566947	2.72261	.4074631	4.762557	134
1977	14.227	14.7212	1.5814	120.5774	2.655142	2.689289	.4583105	4.792292	134
1978	14.006	15.5864	1.6276	119.3105	2.639486	2.746399	.4871065	4.781729	134
1979	13.889	15.5672	1.6553	117.8746	2.631097	2.745166	.5039822	4.769621	134
1980	13.319	14.8591	1.5155	100	2.589192	2.698612	.4157454	4.60517	134
1981	13.018	16.9654	1.3251	92.6621	2.566333	2.831176	.2814879	4.52896	134
1982	13.631	16.7737	1.2835	91.2704	2.612347	2.819812	.2495907	4.513826	134
1983	13.349	18.4911	1.2235	94.6714	2.591441	2.917289	.2017156	4.550412	134
1984	13.486	17.8505	1.2061	97.903	2.601652	2.882031	.187392	4.583977	134
1976	2.366	18.6381	.3976	116.9589	.8612007	2.925208	-.9223088	4.761823	135
1977	2.37	18.8664	.3871	119.6943	.8628899	2.937382	-.9490722	4.784941	135
1978	2.347	17.4171	.3946	119.6272	.8531379	2.857453	-.9298826	4.78438	135
1979	2.145	17.0398	.3717	118.2336	.7631395	2.835552	-.9896683	4.772662	135
1980	1.818	16.9023	.3276	104.4687	.597737	2.82745	-1.115962	4.648888	135
1981	1.57	18.4024	.2711	94.4966	.4510756	2.912481	-1.305267	4.548564	135
1982	1.315	18.3415	.2161	91.6183	.2738367	2.909166	-1.532014	4.517631	135
1983	1.187	19.2081	.1817	93.8212	.1714291	2.955332	-1.705398	4.541391	135
1984	1.194	19.5002	.147	97.0951	.177309	2.970425	-1.917323	4.575691	135
1976	.615	24.1002	.1242	117.0448	-.486133	3.18222	-2.085862	4.762557	136
1977	.742	22.0551	.1189	120.5774	-.2984061	3.093544	-2.129472	4.792292	136
1978	.673	20.0774	.1085	119.3105	-.39601	2.999595	-2.221005	4.781729	136
1979	.69	19.3673	.0973	117.8746	-.3710637	2.963586	-2.329956	4.769621	136
1980	.324	19.2094	.0736	100	-1.127012	2.9554	-2.60911	4.60517	136
1981	.226	24.1829	.0605	92.6621	-1.48722	3.185646	-2.805112	4.52896	136
1982	.258	24.1496	.0551	91.2704	-1.354796	3.184268	-2.898606	4.513826	136
1983	.356	23.2424	.0527	94.6714	-1.032825	3.145978	-2.94314	4.550412	136
1984	.465	22.5925	.0556	97.903	-.7657179	3.117618	-2.889572	4.583977	136
1976	2.599	38.4378	.6643	110.05	.9551268	3.649041	-.4090214	4.700935	137
1977	2.702	34.051	.8164	109.425	.9939922	3.527859	-.2028509	4.69524	137
1978	2.708	37.6951	1.0343	111.225	.9962103	3.62953	.0337248	4.711555	137
1979	2.623	33.4794	1.0091	111.225	.9643187	3.51093	.0090588	4.711555	137
1980	2.377	32.2369	.9138	102.75	.8658392	3.473112	-.0901435	4.632299	137
1981	1.995	33.7775	.7986	91.75	.690644	3.519795	-.2248951	4.519067	137
1982	1.747	34.5625	.7136	90.425	.5579	3.542769	-.3374327	4.504521	137
1983	1.612	35.024	.6424	93.15	.4774756	3.556033	-.4425441	4.534211	137
1984	1.185	35.8163	.4967	94.725	.1697427	3.578403	-.6997691	4.550978	137
1976	1.922	26.9593	.2547	101.7059	.6533663	3.294328	-1.367669	4.622086	138
1977	1.929	24.9356	.2583	105.597	.6570017	3.216296	-1.353634	4.65963	138
1978	1.934	25.122	.2608	108.3964	.6595904	3.223744	-1.344001	4.685795	138
1979	1.976	26.573	.2631	110.9044	.6810746	3.279896	-1.335221	4.708669	138
1980	2.096	27.3524	.2684	104.9727	.7400308	3.308804	-1.315277	4.6537	138
1981	1.99	24.2052	.2323	96.0253	.6881347	3.186568	-1.459726	4.564612	138
1982	1.558	25.488	.1906	91.8038	.4434029	3.238208	-1.657578	4.519654	138
1983	1.372	26.8049	.1624	92.4875	.3162695	3.288585	-1.817693	4.527073	138
1984	1.305	27.0957	.1502	96.0539	.266203	3.299375	-1.895788	4.564909	138
1976	1.055	22.1859	.1469	102.5303	.0535407	3.099457	-1.918003	4.630158	139
1977	1.044	21.1581	.2238	106.1199	.0430595	3.052023	-1.497002	4.66457	139
1978	1.109	20.1187	.2537	108.8228	.1034587	3.00165	-1.371603	4.689721	139
1979	1.171	20.0128	.2422	111.3165	.1578581	2.996372	-1.417991	4.712378	139
1980	1.123	19.4386	.2965	102.9836	.1160037	2.967261	-1.215708	4.63457	139
1981	1.074	19.8814	.2611	94.8896	.07139	2.989784	-1.342852	4.552714	139
1982	1.087	20.3375	.2482	91.4088	.0834216	3.012466	-1.39352	4.515342	139
1983	1.509	20.2055	.3517	92.965	.4114471	3.005955	-1.044977	4.532223	139
1984	1.513	20.3084	.3358	96.7318	.4140944	3.011034	-1.09124	4.571942	139
1976	1.541	29.0939	.651	104.7664	.4324315	3.370528	-.4292456	4.651733	140
1977	1.447	25.6975	.6846	107.4791	.3694925	3.246394	-.3789206	4.677297	140
1978	1.425	27.5876	.7095	108.9188	.3541718	3.317366	-.3431948	4.690603	140
1979	1.438	29.0149	.665	111.5591	.3632532	3.36781	-.4079682	4.714554	140
1980	1.401	28.2772	.5936	100	.3371863	3.342056	-.5215496	4.60517	140
1981	1.33	30.4274	.4754	99.3965	.285179	3.415344	-.7435987	4.599117	140
1982	1.192	30.5565	.4203	99.2931	.1756326	3.419577	-.8667865	4.598076	140
1983	1.136	30.8661	.3697	107.0929	.1275133	3.429658	-.9950634	4.673697	140
1984	1.093	30.6442	.3625	113.4571	.0889263	3.422443	-1.014731	4.731425	140
