   28.0727253    
   30.5734692    
   31.4255180    
   32.6696854    
   33.3037643    
   33.6904373    
   34.4720039    
   35.0026665    
   35.3038826    
   36.0290565    
   36.2866364    
   36.5402870    
   36.7878189    
   37.4806976    
   37.6955070    
   37.9108620    
   38.1234512    
   38.3295860    
   38.8283997    
   39.0122375    
   39.1994934    
   39.3855171    
   39.5672112    
   40.0531731    
   40.2148819    
   40.3814659    
   40.5479507    
   40.7110786    
   40.9617043    
   41.2138748    
   41.3579063    
   41.5078964    
   41.6584625    
   41.8063812    
   42.0454903    
   42.2869453    
   42.4169998    
   42.5539474    
   42.6918297    
   42.8275833    
   43.0581017    
   43.2916031    
   43.4103432    
   43.5365601    
   43.6641045    
   43.7897949    
   43.9098701    
   44.0338821    
   44.2612114    
   44.3701630    
   44.4871483    
   44.6057205    
   44.7226257    
   44.8339691    
   44.9496040    
   45.1724739    
   45.2731323    
   45.3822708    
   45.4932671    
   45.6026878    
   45.7065315    
   45.8149681    
   46.0346069    
   46.1280289    
   46.2303581    
   46.3347397    
   46.4376068    
   46.5348167    
   46.6368561    
   46.8542061    
   46.9415512    
   47.0382156    
   47.1370735    
   47.2345047    
   47.3262024    
   47.4230042    
   47.5194054    
   47.6555481    
   47.7372742    
   47.8287506    
   47.9225922    
   48.0150490    
   48.1016960    
   48.1936874    
   48.2854004    
   48.4182549    
   48.4948616    
   48.5816689    
   48.6710129    
   48.7590332    
   48.8411026    
   48.9288292    
   49.0163307    
   49.1464539    
   49.2184105    
   49.3010483    
   49.3863907    
   49.4704170    
   49.5483894    
   49.6322708    
   49.7160110    
   49.8438759    
   49.9116249    
   49.9905128    
   50.0722504    
   50.1526985    
   50.2269173    
   50.3073387    
   50.3876877    
   50.5136871    
   50.5775604    
   50.6529465    
   50.7314529    
   50.8085976    
   50.8794250    
   50.9566650    
   51.0339050    
   51.1583633    
   51.2186737    
   51.2908401    
   51.3664055    
   51.4404488    
   51.5081558    
   51.5824432    
   51.6568680    
   51.7800827    
   51.8370743    
   51.9062462    
   51.9790688    
   52.0503578    
   52.1151314    
   52.1867294    
   52.2585144    
   52.3807869    
   52.4346428    
   52.5010872    
   52.5713005    
   52.6400566    
   52.7020607    
   52.7711220    
   52.8405266    
   52.9095879    
   52.9759331    
   53.0267830    
   53.0906792    
   53.1584740    
   53.2248459    
   53.2843056    
   53.3509865    
   53.4180756    
   53.4848862    
   53.5489426    
   53.5969467    
   53.6584587    
   53.7240562    
   53.7882690    
   53.8453064    
   53.9098129    
   53.9747925    
   54.0395546    
   54.1014938    
   54.1468048    
   54.2061310    
   54.2697220    
   54.3318977    
   54.3866730    
   54.4492378    
   54.5122681    
   54.5751152    
   54.6350594    
   54.6778412    
   54.7351570    
   54.7968674    
   54.8571434    
   54.9098129    
   54.9705620    
   55.0317879    
   55.0928535    
   55.1509209    
   55.1913033    
   55.2467232    
   55.3067017    
   55.3651924    
   55.4158554    
   55.4749298    
   55.5345116    
   55.5939331    
   55.6502609    
   55.6883087    
   55.7419586    
   55.8002930    
   55.8571663    
   55.9059525    
   55.9633980    
   56.0214691    
   56.0793495    
   56.1340294    
   56.1698608    
   56.2218323    
   56.2786293    
   56.3339882    
   56.3809586    
   56.4369087    
   56.4935188    
   56.5499954    
   56.6031456    
   56.6368103    
   56.6871414    
   56.7425766    
   56.7964478    
   56.8416901    
   56.8962936    
   56.9515228    
   57.0066795    
   57.0583763    
   57.0899467    
   57.1387596    
   57.1928444    
   57.2453651    
   57.2889519    
   57.3422432    
   57.3961983    
   57.4500771    
   57.5004349    
   57.5299416    
   57.5773239    
   57.6301727    
   57.6814308    
   57.7234421    
   57.7754478    
   57.8282089    
   57.8809052    
   57.9299622    
   57.9574547    
   58.0034943    
   58.0551682    
   58.1051750    
   58.1456528    
   58.1965179    
   58.2481232    
   58.2996864    
   58.3475533    
   58.3731232    
   58.4178200    
   58.4683685    
   58.5172386    
   58.5562744    
   58.6059494    
   58.6565056    
   58.7070122    
   58.7536850    
   58.7773743    
   58.8208313    
   58.8703232    
   58.9180832    
   58.9556618    
   59.0043106    
   59.0538368    
   59.1033173    
   59.1488838    
   59.1706657    
   59.2129593    
   59.2615089    
   59.3082047    
   59.3444061    
   59.3920517    
   59.4405708    
   59.4890785    
   59.5335464    
   59.5534630    
   59.5946312    
   59.6422539    
   59.6880302    
   59.7228470    
   59.7695351    
   59.8171616    
   59.8647614    
   59.9081573    
   59.9262085    
   59.9662323    
   60.0129814    
   60.0578041    
   60.0913696    
   60.1371727    
   60.1839600    
   60.2306747    
   60.2730713    
   60.2892494    
   60.3281670    
   60.3740883    
   60.4179955    
   60.4502907    
   60.4952850    
   60.5411987    
   60.5871582    
   60.6286316    
   60.6429672    
   60.6808167    
   60.7259102    
   60.7689590    
   60.7999954    
   60.8441772    
   60.8893280    
   60.9345474    
   60.9751053    
   60.9876137    
   61.0244408    
   61.0688171    
   61.1110573    
   61.1408348    
   61.1841850    
   61.2286034    
   61.2730904    
   61.3127747    
   61.3486099    
   61.3922501    
   61.4337044    
   61.4622841    
   61.5049629    
   61.5487213    
   61.5925255    
   61.6313591    
   61.6662560    
   61.7091599    
   61.7498322    
   61.7772217    
   61.8192024    
   61.8622971    
   61.9054031    
   61.9434280    
   61.9773941    
   62.0196075    
   62.0596085    
   62.0858154    
   62.1271057    
   62.1695747    
   62.2120399    
   62.2492599    
   62.2822380    
   62.3238907    
   62.3631477    
   62.3881531    
   62.4287491    
   62.4706001    
   62.5124779    
   62.5489159    
   62.5810471    
   62.6220627    
   62.6606026    
   62.6844444    
   62.7244148    
   62.7656288    
   62.8069496    
   62.8426437    
   62.8738251    
   62.9142380    
   62.9520874    
   62.9747467    
   63.0140953    
   63.0547600    
   63.0954819    
   63.1304703    
   63.1607399    
   63.2005768    
   63.2377968    
   63.2592850    
   63.2979965    
   63.3380928    
   63.3783035    
   63.4125328    
   63.4419479    
   63.4812050    
   63.5177803    
   63.5380898    
   63.5761986    
   63.6157532    
   63.6554260    
   63.6889610    
   63.7175102    
   63.7562065    
   63.7922096    
   63.8113403    
   63.8488693    
   63.8878860    
   63.9270592    
   63.9598846    
   63.9875450    
   64.0257187    
   64.0610886    
   64.0790558    
   64.1160431    
   64.1545639    
   64.1932297    
   64.2253418    
   64.2521896    
   64.2898560    
   64.3246155    
   64.3414078    
   64.3779144    
   64.4159317    
   64.4540939    
   64.4855347    
   64.5114899    
   64.5486755    
   64.5828094    
   64.5984116    
   64.6343994    
   64.6719894    
   64.7097092    
   64.7404251    
   64.7655334    
   64.8022614    
   64.8358307    
   64.8502350    
   64.8857193    
   64.9228973    
   64.9602127    
   64.9901962    
   65.0144424    
   65.0506744    
   65.0837250    
   65.0969162    
   65.1319046    
   65.1686325    
   65.2055435    
   65.2349167    
   65.2582779    
   65.2940750    
   65.3265457    
   65.3385315    
   65.3730240    
   65.4093628    
   65.4459000    
   65.4745941    
   65.4971161    
   65.5324936    
   65.5643997    
   65.5751495    
   65.6091843    
   65.6451569    
   65.6812592    
   65.7092896    
   65.7309494    
   65.7659378    
   65.7973785    
   65.8309174    
   65.8665009    
   65.9022141    
   65.9296417    
   65.9504852    
   65.9850388    
   66.0159683    
   66.0490952    
   66.0842972    
   66.1197281    
   66.1464920    
   66.1664658    
   66.2006378    
   66.2310410    
   66.2637253    
   66.2985764    
   66.3336716    
   66.3598022    
   66.3789062    
   66.4127426    
   66.4426498    
   66.4748917    
   66.5093918    
   66.5440903    
   66.5696030    
   66.5878754    
   66.6213074    
   66.6507263    
   66.6825790    
   66.7167130    
   66.7511368    
   66.7759857    
   66.7933731    
   66.8264618    
   66.8553848    
   66.8868179    
   66.9206009    
   66.9547043    
   66.9789276    
   66.9954300    
   67.0281906    
   67.0566025    
   67.0875931    
   67.1211014    
   67.1548767    
   67.1784286    
   67.1940460    
   67.2264786    
   67.2544174    
   67.2850494    
   67.3182144    
   67.3516846    
   67.3746185    
   67.3893433    
   67.4214020    
   67.4488831    
   67.4791183    
   67.5119476    
   67.5451050    
   67.5673904    
   67.5811768    
   67.6129227    
   67.6399689    
   67.6698227    
   67.7023392    
   67.7351990    
   67.7567825    
   67.7696304    
   67.8010788    
   67.8276443    
   67.8571472    
   67.8893890    
   67.9219742    
   67.9429092    
   67.9547958    
   67.9859390    
   68.0120163    
   68.0411758    
   68.0731277    
   68.1054306    
   68.1257019    
   68.1366043    
   68.1674118    
   68.1930161    
   68.2218018    
   68.2535324    
   68.2856140    
   68.3052063    
   68.3151016    
   68.3456116    
   68.3707123    
   68.3991394    
   68.4305725    
   68.4624176    
   68.4813538    
   68.5115891    
   68.5362244    
   68.5642853    
   68.5955124    
   68.6270905    
   68.6453552    
   68.6753159    
   68.6994934    
   68.7272339    
   68.7581711    
   68.7895432    
   68.8071289    
   68.8367844    
   68.8604889    
   68.8878708    
   68.9185486    
   68.9497070    
   68.9666214    
   68.9960251    
   69.0192337    
   69.0462265    
   69.0766449    
   69.1076050    
   69.1238174    
   69.1529465    
   69.1756592    
   69.2023621    
   69.2325439    
   69.2632828    
   69.2787704    
   69.3075867    
   69.3298492    
   69.3561707    
   69.3861694    
   69.4166870    
   69.4314346    
   69.4600067    
   69.4817810    
   69.5077133    
   69.5375290    
   69.5678253    
   69.5818405    
   69.6101303    
   69.6314163    
   69.6570435    
   69.6866074    
   69.7167053    
   69.7299576    
   69.7579651    
   69.7787476    
   69.8040237    
   69.8333664    
   69.8632736    
   69.8757782    
   69.9035568    
   69.9237747    
   69.9487381    
   69.9778748    
   70.0076447    
   70.0193710    
   70.0468597    
   70.0665588    
   70.0911942    
   70.1201096    
   70.1496277    
   70.1605911    
   70.1878204    
   70.2070160    
   70.2312469    
   70.2599792    
   70.2893295    
   70.2994766    
   70.3265076    
   70.3451920    
   70.3690186    
   70.3975754    
   70.4267654    
   70.4360886    
   70.4628601    
   70.4809875    
   70.5044937    
   70.5328140    
   70.5618515    
   70.5883484    
   70.6059875    
   70.6291351    
   70.6573029    
   70.6861343    
   70.7124176    
   70.7294998    
   70.7522812    
   70.7802658    
   70.8089066    
   70.8349609    
   70.8514938    
   70.8739548    
   70.9017792    
   70.9302673    
   70.9560547    
   70.9720383    
   70.9941254    
   71.0217361    
   71.0501328    
   71.0756683    
   71.0910492    
   71.1127853    
   71.1402054    
   71.1684494    
   71.1937408    
   71.2085495    
   71.2299042    
   71.2571640    
   71.2852249    
   71.3103256    
   71.3245468    
   71.3455276    
   71.3725739    
   71.4005051    
   71.4253387    
   71.4389343    
   71.4595642    
   71.4864655    
   71.5142365    
   71.5388107    
   71.5517883    
   71.5720062    
   71.5987473    
   71.6264267    
   71.6507645    
   71.6630630    
   71.6829376    
   71.7094955    
   71.7370148    
   71.7610779    
   71.7727737    
   71.7922211    
   71.8186722    
   71.8460159    
   71.8698196    
   71.8808365    
   71.8999252    
   71.9261627    
   71.9533997    
   71.9769745    
   71.9873047    
   72.0059586    
   72.0320969    
   72.0592270    
   72.0825195    
   72.0921402    
   72.1103668    
   72.1363144    
   72.1633377    
   72.1864243    
   72.1953125    
   72.2131042    
   72.2389145    
   72.2658386    
   72.2886353    
   72.3060455    
   72.3316727    
   72.3584671    
   72.3809891    
   72.3979797    
   72.4234772    
   72.4501190    
   72.4724350    
   72.4889755    
   72.5143433    
   72.5408783    
   72.5629501    
   72.5790024    
   72.6041870    
   72.6306305    
   72.6524658    
   72.6680832    
   72.6931229    
   72.7194366    
   72.7410049    
   72.7561646    
   72.7810593    
   72.8072891    
   72.8285294    
   72.8432083    
   72.8679657    
   72.8940887    
   72.9151154    
   72.9292831    
   72.9539108    
   72.9799194    
   73.0006638    
   73.0143433    
   73.0387573    
   73.0646896    
   73.0851593    
   73.0983124    
   73.1225815    
   73.1484070    
   73.1686096    
   73.1812286    
   73.2053375    
   73.2310944    
   73.2509918    
   73.2630844    
   73.2870789    
   73.3126831    
   73.3322983    
   73.3438187    
   73.3676605    
   73.3931808    
   73.4125137    
   73.4234695    
   73.4471283    
   73.4725723    
   73.4916000    
   73.5019684    
   73.5254898    
   73.5508499    
   73.5695419    
   73.5793304    
   73.6026917    
   73.6279602    
   73.6463776    
   73.6555481    
   73.6787338    
   73.7039490    
   73.7220154    
   73.7305527    
   73.7536240    
   73.7787018    
   73.7964401    
   73.8193817    
   73.8443604    
   73.8618011    
   73.8845444    
   73.9094696    
   73.9265442    
   73.9491653    
   73.9739990    
   73.9907303    
   74.0132141    
   74.0379562    
   74.0543289    
   74.0766678    
   74.1013489    
   74.1173477    
   74.1394958    
   74.1640930    
   74.1797485    
   74.2017593    
   74.2262802    
   74.2415466    
   74.2633743    
   74.2878189    
   74.3027115    
   74.3243637    
   74.3487396    
   74.3632507    
   74.3847427    
   74.4090118    
   74.4231644    
   74.4444580    
   74.4687119    
   74.4823761    
   74.5035400    
   74.5276642    
   74.5409241    
   74.5619278    
   74.5860138    
   74.5988464    
   74.6196365    
   74.6436462    
   74.6559982    
   74.6765900    
   74.7005157    
   74.7124176    
   74.7328415    
   74.7566833    
   74.7680969    
   74.7883530    
   74.8121719    
   74.8230972    
   74.8431091    
   74.8668060    
   74.8772430    
   74.8970871    
   74.9207382    
   74.9306183    
   74.9502640    
   74.9738312    
   74.9832001    
   75.0026550    
   75.0261536    
   75.0349808    
   75.0542145    
   75.0776367    
   75.0858917    
   75.1049500    
   75.1283188    
   75.1471710    
   75.1704254    
   75.1890793    
   75.2123032    
   75.2307053    
   75.2539062    
   75.2720795    
   75.2951965    
   75.3131409    
   75.3362122    
   75.3539429    
   75.3769226    
   75.3943253    
   75.4172821    
   75.4345093    
   75.4573822    
   75.4742966    
   75.4971237    
   75.5138016    
   75.5365143    
   75.5529022    
   75.5755692    
   75.5916595    
   75.6143112    
   75.6301346    
   75.6526489    
   75.6681976    
   75.6906586    
   75.7059021    
   75.7283096    
   75.7432251    
   75.7655563    
   75.7801590    
   75.8024521    
   75.8167343    
   75.8389435    
   75.8528748    
   75.8750305    
   75.8886185    
   75.9106827    
   75.9239197    
   75.9459534    
   75.9588394    
   75.9807663    
   75.9932785    
   76.0151138    
   76.0272141    
   76.0490112    
   76.0607452    
   76.0824509    
   76.0937576    
   76.1153870    
   76.1262436    
   76.1478195    
   76.1582413    
   76.1797180    
   76.1896820    
   76.2111206    
   76.2206268    
   76.2419434    
   76.2509537    
   76.2721786    
   76.2806931    
   76.3019028    
   76.3099060    
   76.3309860    
   76.3520203    
   76.3729172    
   76.3937607    
   76.4145279    
   76.4351959    
   76.4557800    
   76.4762955    
   76.4967041    
   76.5170212    
   76.5372086    
   76.5573273    
   76.5773468    
   76.5972748    
   76.6170578    
   76.6367798    
   76.6563644    
   76.6758499    
   76.6952133    
   76.7144547    
   76.7335815    
   76.7526093    
   76.7714691    
   76.7901764    
   76.8088074    
   76.8272171    
   76.8455658    
   76.8636932    
   76.8817368    
   76.8995819    
   76.9172516    
   76.9347763    
   76.9521179    
   76.9692993    
   76.9862900    
   77.0030594    
   77.0196838    
   77.0360718    
   77.0522537    
   77.0682449    
   77.0839920    
   77.0995255    
   77.1148148    
   77.1298828    
   77.1446915    
   77.1592407    
   77.1735535    
   77.1875687    
   77.2013092    
   77.2147598    
   77.2279282    
   77.2407379    
   77.2532425    
   77.2654419    
   77.2772675    
   77.2887497    
   77.2998657    
   77.3106155    
   77.3209686    
   77.3309402    
   77.3404999    
   77.3496246    
   77.3583069    
   77.3665543    
   77.3743362    
   77.3960648    
   77.4180222    
   77.4398422    
   77.4615097    
   77.4832611    
   77.5051575    
   77.5269623    
   77.5485229    
   77.5701370    
   77.5917358    
   77.6133118    
   77.6348495    
   77.6565247    
   77.6780777    
   77.6995163    
   77.7209930    
   77.7424011    
   77.7637863    
   77.7852402    
   77.8067093    
   77.8281097    
   77.8493729    
   77.8707123    
   77.8918610    
   77.9131927    
   77.9342804    
   77.9555359    
   77.9765625    
   77.9978485    
   78.0189133    
   78.0399170    
   78.0606689    
   78.0818176    
   78.1028442    
   78.1240158    
   78.1450806    
   78.1659698    
   78.1869125    
   78.2078094    
   78.2288513    
   78.2496262    
   78.2703247    
   78.2910309    
   78.3115692    
   78.3322449    
   78.3529816    
   78.3735809    
   78.3939743    
   78.4144745    
   78.4348679    
   78.4555283    
   78.4765396    
   78.4974289    
   78.5183334    
   78.5395203    
   78.5604706    
   78.5813828    
   78.6021805    
   78.6229858    
   78.6438065    
   78.6645660    
   78.6853104    
   78.6929016    
   78.7009430    
   78.7093887    
   78.7182236    
   78.7274628    
   78.7370529    
   78.7470169    
   78.7573242    
   78.7679749    
   78.7789307    
   78.7902222    
   78.8017960    
   78.8136673    
   78.8258133    
   78.8382263    
   78.8509369    
   78.8638458    
   78.8770218    
   78.8904190    
   78.9040680    
   78.9179001    
   78.9319229    
   78.9461975    
   78.9606323    
   78.9752579    
   78.9901047    
   79.0050964    
   79.0202637    
   79.0355988    
   79.0510406    
   79.0666885    
   79.0824356    
   79.0983734    
   79.1143951    
   79.1305695    
   79.1468430    
   79.1632385    
   79.1797638    
   79.1963730    
   79.2130661    
   79.2298965    
   79.2468109    
   79.2637711    
   79.2809143    
   79.2981033    
   79.3154221    
   79.3328247    
   79.3503036    
   79.3678741    
   79.3855057    
   79.4032440    
   79.4210358    
   79.4388962    
   79.4568405    
   79.4748459    
   79.4928513    
   79.5109024    
   79.5290070    
   79.5471725    
   79.5653305    
   79.5835419    
   79.6017685    
   79.6091919    
   79.6274719    
   79.6352844    
   79.6535873    
   79.6617584    
   79.6801300    
   79.6886597    
   79.7069931    
   79.7158966    
   79.7343063    
   79.7434921    
   79.7619095    
   79.7714386    
   79.7898865    
   79.7997437    
   79.8181686    
   79.8283005    
   79.8468094    
   79.8572769    
   79.8757553    
   79.8864517    
   79.9049759    
   79.9159775    
   79.9345245    
   79.9457855    
   79.9643173    
   79.9758148    
   79.9943619    
   80.0061493    
   80.0247040    
   80.0366898    
   80.0552521    
   80.0674896    
   80.0860443    
   80.0984573    
   80.1170273    
   80.1296539    
   80.1482544    
   80.1611099    
   80.1797485    
   80.1927872    
   80.2114410    
   80.2247086    
   80.2433472    
   80.2567749    
   80.2754440    
   80.2890701    
   80.3077316    
   80.3214798    
   80.3401947    
   80.3541260    
   80.3727798    
   80.3868408    
   80.4055099    
   80.4197388    
   80.4383698    
   80.4527512    
   80.4714050    
   80.4858627    
   80.5045242    
   80.5117950    
   80.5263901    
   80.5449829    
   80.5525894    
   80.5673294    
   80.5859146    
   80.5938873    
   80.6087189    
   80.6272812    
   80.6355591    
   80.6505356    
   80.6690521    
   80.6776810    
   80.6927338    
   80.7112427    
   80.7201691    
   80.7352905    
   80.7538300    
   80.7630310    
   80.7782516    
   80.7967453    
   80.8062439    
   80.8215866    
   80.8400879    
   80.8498383    
   80.8652420    
   80.8837051    
   80.8937759    
   80.9092560    
   80.9276657    
   80.9379654    
   80.9535675    
   80.9720078    
   80.9825363    
   80.9981537    
   81.0165787    
   81.0273819    
   81.0430832    
   81.0615158    
   81.0725403    
   81.0883713    
   81.1067352    
   81.1180115    
   81.1338654    
   81.1522751    
   81.1637650    
   81.1796951    
   81.1980896    
   81.2097549    
   81.2257309    
   81.2440796    
   81.2559891    
   81.2720261    
   81.2903595    
   81.3024139    
   81.3185120    
   81.3367920    
   81.3490295    
   81.3651886    
   81.3834457    
   81.3905716    
   81.4029922    
   81.4191742    
   81.4373932    
   81.4448395    
   81.4574280    
   81.4736404    
   81.4918365    
   81.4996109    
   81.5123138    
   81.5285263    
   81.5466995    
   81.5547638    
   81.5676193    
   81.5839005    
   81.6019745    
   81.6103516    
   81.6233368    
   81.6396408    
   81.6577072    
   81.6663742    
   81.6794815    
   81.6958084    
   81.7138596    
   81.7227936    
   81.7360458    
   81.7523956    
   81.7703857    
   81.7795944    
   81.7929688    
   81.8093414    
   81.8273010    
   81.8367386    
   81.8502274    
   81.8666000    
   81.8845367    
   81.8942261    
   81.9078522    
   81.9242477    
   81.9421692    
   81.9521027    
   81.9658051    
   81.9822540    
   82.0001373    
   82.0103149    
   82.0241699    
   82.0405960    
   82.0584641    
   82.0688782    
   82.0827866    
   82.0992661    
   82.1170959    
   82.1276932    
   82.1417542    
   82.1582336    
   82.1759949    
   82.1868210    
   82.2009735    
   82.2174225    
   82.2244186    
   82.2421799    
   82.2531738    
   82.2674255    
   82.2838745    
   82.2911758    
   82.3088760    
   82.3200684    
   82.3343277    
   82.3508301    
   82.3584366    
   82.3760757    
   82.3874283    
   82.4017563    
   82.4182587    
   82.4261475    
   82.4437103    
   82.4552155    
   82.4696655    
   82.4860611    
   82.4942093    
   82.5117874    
   82.5234375    
   82.5379028    
   82.5543518    
   82.5627518    
   82.5802460    
   82.5920563    
   82.6065826    
   82.6230469    
   82.6317062    
   82.6491318    
   82.6610947    
   82.6756668    
   82.6921082    
   82.7010269    
   82.7183990    
   82.7304993    
   82.7451477    
   82.7615280    
   82.7706604    
   82.7880402    
   82.8002548    
   82.8149033    
   82.8313370    
   82.8407211    
   82.8580475    
   82.8704147    
   82.8850937    
   82.9015427    
   82.9111252    
   82.9284210    
   82.9409180    
   82.9556580    
   82.9720688    
   82.9818802    
   82.9991302    
   83.0117264    
   83.0186005    
   83.0334167    
   83.0498123    
   83.0598450    
   83.0770493    
   83.0897141    
   83.0968857    
   83.1117325    
   83.1281204    
   83.1383133    
   83.1554794    
   83.1682892    
   83.1757355    
   83.1906204    
   83.2069473    
   83.2173309    
   83.2344360    
   83.2473297    
   83.2550354    
   83.2699585    
   83.2862701    
   83.2968369    
   83.3138580    
   83.3268356    
   83.3347931    
   83.3497162    
   83.3659897    
   83.3766861    
   83.3936844    
   83.4067307    
   83.4149399    
   83.4298553    
   83.4461517    
   83.4569702    
   83.4738998    
   83.4870300    
   83.4954376    
   83.5103989    
   83.5266571    
   83.5376434    
   83.5544891    
   83.5676956    
   83.5763550    
   83.5913162    
   83.6075134    
   83.6186218    
   83.6354599    
   83.6487274    
   83.6575928    
   83.6725845    
   83.6887589    
   83.6999893    
   83.7167511    
   83.7300644    
   83.7391510    
   83.7541580    
   83.7702942    
   83.7770538    
   83.7884445    
   83.8051605    
   83.8185883    
   83.8278809    
   83.8428726    
   83.8589783    
   83.8660278    
   83.8775558    
   83.8942413    
   83.9076843    
   83.9171677    
   83.9321747    
   83.9482498    
   83.9555664    
   83.9672241    
   83.9838715    
   83.9973602    
   84.0070267    
   84.0220413    
   84.0381088    
   84.0456696    
   84.0574036    
   84.0739670    
   84.0875397    
   84.0973816    
   84.1123581    
   84.1283875    
   84.1362000    
   84.1480484    
   84.1645660    
   84.1781693    
   84.1881638    
   84.2031937    
   84.2191315    
   84.2271652    
   84.2391052    
   84.2555313    
   84.2691956    
   84.2793274    
   84.2942886    
   84.3102341    
   84.3184967    
   84.3305359    
   84.3469086    
   84.3605499    
   84.3708420    
   84.3857956    
   84.4016724    
   84.4101410    
   84.4222183    
   84.4385452    
   84.4522247    
   84.4626770    
   84.4776077    
   84.4934464    
   84.5021057    
   84.5087662    
   84.5209351    
   84.5371933    
   84.5509262    
   84.5614929    
   84.5763779    
   84.5921860    
   84.6010437    
   84.6079407    
   84.6202164    
   84.6363831    
   84.6500931    
   84.6608276    
   84.6757355    
   84.6914749    
   84.7005081    
   84.7076721    
   84.7200089    
   84.7361603    
   84.7499390    
   84.7607422    
   84.7756424    
   84.7912903    
   84.8005295    
   84.8079376    
   84.8203659    
   84.8365021    
   84.8502426    
   84.8611603    
   84.8760757    
   84.8917007    
   84.9010925    
   84.9087143    
   84.9212112    
   84.9372482    
   84.9510574    
   84.9620514    
   84.9769440    
   84.9925537    
   85.0020752    
   85.0099182    
   85.0224686    
   85.0384445    
   85.0522385    
   85.0634003    
   85.0782242    
   85.0937958    
   85.1034851    
   85.1115112    
   85.1240845    
   85.1400452    
   85.1538239    
   85.1650314    
   85.1798706    
   85.1953583    
   85.2051773    
   85.2117310    
   85.2200012    
   85.2326126    
   85.2484665    
   85.2622528    
   85.2735443    
   85.2883453    
   85.3037643    
   85.3137131    
   85.3205109    
   85.3289337    
   85.3416138    
   85.3573914    
   85.3711700    
   85.3825684    
   85.3973083    
   85.4126892    
   85.4227676    
   85.4297867    
   85.4384003    
   85.4510956    
   85.4668045    
   85.4806061    
   85.4920654    
   85.5067673    
   85.5221100    
   85.5322800    
   85.5395279    
   85.5483246    
   85.5610352    
   85.5766373    
   85.5904617    
   85.6019821    
   85.6166763    
   85.6319427    
   85.6422424    
   85.6497040    
   85.6586456    
   85.6714096    
   85.6869888    
   85.7007828    
   85.7123947    
   85.7270279    
   85.7422562    
   85.7526779    
   85.7603378    
   85.7694092    
   85.7822266    
   85.7977448    
   85.8115311    
   85.8232269    
   85.8377914    
   85.8530045    
   85.8635483    
   85.8713913    
   85.8778610    
   85.8870850    
   85.8999100    
   85.9153519    
   85.9291153    
   85.9408188    
   85.9554596    
   85.9705276    
   85.9811554    
   85.9891815    
   85.9958878    
   86.0052567    
   86.0180817    
   86.0334854    
   86.0472336    
   86.0590515    
   86.0735855    
   86.0886383    
   86.0993347    
   86.1075363    
   86.1144485    
   86.1239624    
   86.1367874    
   86.1520996    
   86.1658554    
   86.1776810    
   86.1921844    
   86.2071533    
   86.2178955    
   86.2262726    
   86.2333832    
   86.2429810    
   86.2558746    
   86.2711105    
   86.2848511    
   86.2967148    
   86.3111801    
   86.3260574    
   86.3369217    
   86.3454208    
   86.3527374    
   86.3624573    
   86.3753357    
   86.3904800    
   86.4041519    
   86.4161148    
   86.4304962    
   86.4453430    
   86.4562683    
   86.4649277    
   86.4724197    
   86.4822540    
   86.4951019    
   86.5102158    
   86.5238876    
   86.5302658    
   86.5421982    
   86.5565491    
   86.5713196    
   86.5823135    
   86.5910873    
   86.5987778    
   86.6087112    
   86.6216049    
   86.6366577    
   86.6502991    
   86.6569061    
   86.6688614    
   86.6831360    
   86.6978683    
   86.7089310    
   86.7178802    
   86.7257309    
   86.7357788    
   86.7486496    
   86.7635880    
   86.7772217    
   86.7840424    
   86.7960281    
   86.8103180    
   86.8250046    
   86.8361053    
   86.8451309    
   86.8531418    
   86.8632584    
   86.8761520    
   86.8910370    
   86.9046783    
   86.9116821    
   86.9236832    
   86.9379120    
   86.9524994    
   86.9636459    
   86.9728470    
   86.9809799    
   86.9911728    
   87.0040588    
   87.0188522    
   87.0324326    
   87.0396500    
   87.0516968    
   87.0658569    
   87.0803757    
   87.0915833    
   87.1008759    
   87.1091690    
   87.1194077    
   87.1322861    
   87.1470108    
   87.1605759    
   87.1668777    
   87.1742630    
   87.1863022    
   87.2003860    
   87.2148895    
   87.2261047    
   87.2354889    
   87.2438965    
   87.2542419    
   87.2670975    
   87.2817535    
   87.2952652    
   87.3017578    
   87.3092957    
   87.3213577    
   87.3353882    
   87.3498230    
   87.3610306    
   87.3704987    
   87.3790512    
   87.3894882    
   87.4023056    
   87.4169083    
   87.4303360    
   87.4370270    
   87.4447327    
   87.4568100    
   87.4708099    
   87.4851074    
   87.4964066    
   87.5059738    
   87.5146408    
   87.5251007    
   87.5379181    
   87.5524368    
   87.5658264    
   87.5727005    
   87.5805435    
   87.5926285    
   87.6065674    
   87.6208191    
   87.6321564    
   87.6418381    
   87.6506119    
   87.6611481    
   87.6739197    
   87.6883926    
   87.7017593    
   87.7087936    
   87.7167664    
   87.7288666    
   87.7427368    
   87.7569199    
   87.7683258    
   87.7745514    
   87.7842636    
   87.7931976    
   87.8037262    
   87.8165359    
   87.8308868    
   87.8442612    
   87.8514481    
   87.8595428    
   87.8715897    
   87.8854294    
   87.8995514    
   87.9109650    
   87.9173813    
   87.9272003    
   87.9362183    
   87.9468384    
   87.9596024    
   87.9738617    
   87.9871368    
   87.9944992    
   88.0027390    
   88.0147858    
   88.0285492    
   88.0426102    
   88.0540314    
   88.0606384    
   88.0705338    
   88.0796127    
   88.0903091    
   88.1030273    
   88.1171951    
   88.1304703    
   88.1379547    
   88.1463013    
   88.1583481    
   88.1720352    
   88.1860504    
   88.1974716    
   88.2042618    
   88.2141800    
   88.2233658    
   88.2340927    
   88.2467422    
   88.2608566    
   88.2740555    
   88.2816772    
   88.2901077    
   88.3021774    
   88.3158188    
   88.3297348    
   88.3411713    
   88.3481140    
   88.3581085    
   88.3642654    
   88.3735275    
   88.3842468    
   88.3968811    
   88.4108887    
   88.4240570    
   88.4318008    
   88.4403763    
   88.4524078    
   88.4659805    
   88.4797897    
   88.4912033    
   88.4982986    
   88.5083618    
   88.5146790    
   88.5240555    
   88.5347900    
   88.5473862    
   88.5613632    
   88.5744553    
   88.5823364    
   88.5910187    
   88.6030197    
   88.6165237    
   88.6302567    
   88.6416931    
   88.6489410    
