   64.7379837    
   66.1747513    
   66.8995514    
   67.4074020    
   67.8143997    
   68.1584167    
   68.4584885    
   68.7245941    
   68.9679718    
   69.1927261    
   69.4004974    
   69.5955658    
   69.7792206    
   69.9521561    
   70.1185074    
   70.2758789    
   70.4274216    
   70.5727844    
   70.7121582    
   70.8483810    
   70.9796066    
   71.1058884    
   71.2278290    
   71.3480377    
   71.4645615    
   71.5777435    
   71.6880417    
   71.7963409    
   71.9017334    
   72.0048370    
   72.1054688    
   72.2043915    
   72.3015213    
   72.3964996    
   72.4896393    
   72.5809021    
   72.6709595    
   72.7599335    
   72.8472672    
   72.9330215    
   73.0172729    
   73.1001511    
   73.1816483    
   73.2623978    
   73.3420563    
   73.4207001    
   73.4982224    
   73.5746002    
   73.6498871    
   73.7241364    
   73.7978134    
   73.8705444    
   73.9423218    
   74.0132141    
   74.0832291    
   74.1524658    
   74.2210007    
   74.2887573    
   74.3559265    
   74.4225311    
   74.4884796    
   74.5536957    
   74.6182480    
   74.6821289    
   74.7453766    
   74.8079834    
   74.8699341    
   74.9313583    
   74.9923325    
   75.0529251    
   75.1129837    
   75.1724930    
   75.2314453    
   75.2898636    
   75.3478394    
   75.4052734    
   75.4622269    
   75.5187302    
   75.5747757    
   75.6303558    
   75.6855545    
   75.7404327    
   75.7949371    
   75.8490219    
   75.9027176    
   75.9560242    
   76.0089951    
   76.0615768    
   76.1138153    
   76.1656952    
   76.2171860    
   76.2683563    
   76.3191757    
   76.3696289    
   76.4197540    
   76.4696426    
   76.5192566    
   76.5685272    
   76.6175156    
   76.6661835    
   76.7145081    
   76.7625885    
   76.8103409    
   76.8578186    
   76.9050064    
   76.9519272    
   76.9985580    
   77.0449524    
   77.0910797    
   77.1369400    
   77.1825638    
   77.2279510    
   77.2730865    
   77.3180084    
   77.3627319    
   77.4072342    
   77.4515076    
   77.4955673    
   77.5393524    
   77.5829620    
   77.6263428    
   77.6694717    
   77.7124023    
   77.7551346    
   77.7976456    
   77.8399353    
   77.8820648    
   77.9239426    
   77.9656372    
   78.0071182    
   78.0484238    
   78.0895386    
   78.1304321    
   78.1711960    
   78.2117462    
   78.2521057    
   78.2922821    
   78.3322983    
   78.3721390    
   78.4118195    
   78.4513702    
   78.4907150    
   78.5299072    
   78.5689621    
   78.6078339    
   78.6465454    
   78.6850739    
   78.7234955    
   78.7617416    
   78.7998276    
   78.8377686    
   78.8755112    
   78.9131622    
   78.9506531    
   78.9880066    
   79.0251923    
   79.0622330    
   79.0991592    
   79.1359253    
   79.1725082    
   79.2090073    
   79.2453613    
   79.2815552    
   79.3176498    
   79.3536148    
   79.3894119    
   79.4251022    
   79.4606552    
   79.4961243    
   79.5314255    
   79.5665894    
   79.6016922    
   79.6366043    
   79.6714325    
   79.7061234    
   79.7407227    
   79.7751846    
   79.8095322    
   79.8437424    
   79.8778839    
   79.9119034    
   79.9458008    
   79.9795685    
   80.0132675    
   80.0468292    
   80.0802917    
   80.1136551    
   80.1468964    
   80.1800385    
   80.2130585    
   80.2459412    
   80.2787933    
   80.3115234    
   80.3441238    
   80.3766251    
   80.4090652    
   80.4413757    
   80.4735870    
   80.5057297    
   80.5377350    
   80.5696869    
   80.6014938    
   80.6332397    
   80.6648712    
   80.6964340    
   80.7279129    
   80.7593155    
   80.7905884    
   80.8217621    
   80.8528748    
   80.8838730    
   80.9148026    
   80.9456406    
   80.9763794    
   81.0070419    
   81.0376205    
   81.0680695    
   81.0985031    
   81.1287994    
   81.1590576    
   81.1892242    
   81.2192993    
   81.2492599    
   81.2791672    
   81.3089981    
   81.3387375    
   81.3684082    
   81.3979950    
   81.4275208    
   81.4569550    
   81.4863129    
   81.5156097    
   81.5448456    
   81.5739517    
   81.6030197    
   81.6319962    
   81.6609039    
   81.6897659    
   81.7185287    
   81.7472305    
   81.7758408    
   81.8044128    
   81.8329163    
   81.8613281    
   81.8896484    
   81.9179230    
   81.9461136    
   81.9742508    
   82.0023041    
   82.0303345    
   82.0582275    
   82.0861053    
   82.1138763    
   82.1416321    
   82.1692734    
   82.1968842    
   82.2244263    
   82.2518768    
   82.2792816    
   82.3066330    
   82.3338928    
   82.3610992    
   82.3882675    
   82.4153595    
   82.4424210    
   82.4693604    
   82.4962769    
   82.5231247    
   82.5499039    
   82.5766373    
   82.6033096    
   82.6299210    
   82.6564789    
   82.6829681    
   82.7094269    
   82.7357712    
   82.7620926    
   82.7883453    
   82.8145523    
   82.8407135    
   82.8667908    
   82.8928299    
   82.9188004    
   82.9447479    
   82.9706039    
   82.9964294    
   83.0221863    
   83.0478973    
   83.0735397    
   83.0991211    
   83.1246567    
   83.1501541    
   83.1755905    
   83.2009735    
   83.2262955    
   83.2515793    
   83.2768326    
   83.3019867    
   83.3271408    
   83.3522034    
   83.3772430    
   83.4022446    
   83.4271545    
   83.4520416    
   83.4768906    
   83.5016708    
   83.5264130    
   83.5510941    
   83.5757217    
   83.6003265    
   83.6248474    
   83.6493301    
   83.6737823    
   83.6981964    
   83.7225342    
   83.7468643    
   83.7711029    
   83.7953110    
   83.8194656    
   83.8435974    
   83.8676682    
   83.8916626    
   83.9156723    
   83.9396057    
   83.9635010    
   83.9873276    
   84.0111237    
   84.0348892    
   84.0586243    
   84.0822830    
   84.1059189    
   84.1295090    
   84.1530609    
   84.1765747    
   84.2000122    
   84.2234497    
   84.2468185    
   84.2701797    
   84.2934647    
   84.3166962    
   84.3398972    
   84.3630676    
   84.3861923    
   84.4092712    
   84.4323044    
   84.4553299    
   84.4782867    
   84.5012283    
   84.5240860    
   84.5469360    
   84.5697250    
   84.5924759    
   84.6151962    
   84.6378708    
   84.6605225    
   84.6831360    
   84.7057037    
   84.7282486    
   84.7507401    
   84.7731934    
   84.7956085    
   84.8180084    
   84.8403473    
   84.8626556    
   84.8849106    
   84.9071655    
   84.9293747    
   84.9515381    
   84.9736633    
   84.9957428    
   85.0178146    
   85.0398178    
   85.0618057    
   85.0837326    
   85.1056137    
   85.1274948    
   85.1493378    
   85.1711502    
   85.1928940    
   85.2146606    
   85.2363434    
   85.2580032    
   85.2796249    
   85.3012238    
   85.3227768    
   85.3442917    
   85.3657761    
   85.3872375    
   85.4086609    
   85.4300461    
   85.4514084    
   85.4727478    
   85.4940567    
   85.5153122    
   85.5365372    
   85.5577164    
   85.5788956    
   85.6000366    
   85.6211166    
   85.6422043    
   85.6632538    
   85.6842422    
   85.7052307    
   85.7261810    
   85.7470779    
   85.7679520    
   85.7887955    
   85.8096008    
   85.8303909    
   85.8511505    
   85.8718719    
   85.8925781    
   85.9132156    
   85.9338455    
   85.9544296    
   85.9750061    
   85.9955444    
   86.0160294    
   86.0365143    
   86.0569763    
   86.0773773    
   86.0977554    
   86.1181030    
   86.1384583    
   86.1587524    
   86.1790085    
   86.1992493    
   86.2194672    
   86.2396698    
   86.2598343    
   86.2799530    
   86.3000565    
   86.3201370    
   86.3402023    
   86.3602219    
   86.3801956    
   86.4001617    
   86.4200897    
   86.4399872    
   86.4598694    
   86.4797440    
   86.4995346    
   86.5193481    
   86.5391083    
   86.5588379    
   86.5785370    
   86.5982208    
   86.6178818    
   86.6375122    
   86.6571121    
   86.6766891    
   86.6962204    
   86.7157440    
   86.7352753    
   86.7547607    
   86.7742081    
   86.7936172    
   86.8130035    
   86.8323898    
   86.8517380    
   86.8710556    
   86.8903580    
   86.9096222    
   86.9288788    
   86.9481201    
   86.9673004    
   86.9864655    
   87.0056000    
   87.0247040    
   87.0438080    
   87.0628891    
   87.0819397    
   87.1009369    
   87.1199417    
   87.1389084    
   87.1578522    
   87.1767654    
   87.1956711    
   87.2145386    
   87.2333679    
   87.2521973    
   87.2709808    
   87.2897491    
   87.3084946    
   87.3272476    
   87.3459778    
   87.3646622    
   87.3832932    
   87.4019318    
   87.4205551    
   87.4391403    
   87.4577026    
   87.4762573    
   87.4947815    
   87.5132675    
   87.5317459    
   87.5501938    
   87.5686264    
   87.5870361    
   87.6054230    
   87.6237869    
   87.6421204    
   87.6604233    
   87.6787338    
   87.6970062    
   87.7152557    
   87.7334671    
   87.7516785    
   87.7698593    
   87.7880096    
   87.8061600    
   87.8242645    
   87.8423615    
   87.8604202    
   87.8784943    
   87.8965302    
   87.9145432    
   87.9325027    
   87.9504929    
   87.9684601    
   87.9863739    
   88.0042725    
   88.0221710    
   88.0400391    
   88.0579071    
   88.0757294    
   88.0935287    
   88.1112900    
   88.1290283    
   88.1467896    
   88.1645203    
   88.1822281    
   88.1998825    
   88.2175598    
   88.2351837    
   88.2528000    
   88.2703857    
   88.2879639    
   88.3055115    
   88.3230438    
   88.3405685    
   88.3580551    
   88.3755264    
   88.3929901    
   88.4104233    
   88.4278641    
   88.4452362    
   88.4626160    
   88.4799957    
   88.4973145    
   88.5146484    
   88.5319595    
   88.5492401    
   88.5665054    
   88.5837479    
   88.6009674    
   88.6181641    
   88.6353455    
   88.6525040    
   88.6696548    
   88.6867828    
   88.7038956    
   88.7210007    
   88.7380524    
   88.7551041    
   88.7721405    
   88.7891693    
   88.8061676    
   88.8231354    
   88.8401031    
   88.8570480    
   88.8739777    
   88.8908768    
   88.9077759    
   88.9246521    
   88.9415054    
   88.9583435    
   88.9751740    
   88.9919510    
   89.0087509    
   89.0255203    
   89.0422516    
   89.0589905    
   89.0757065    
   89.0924149    
   89.1091003    
   89.1257477    
   89.1423721    
   89.1590118    
   89.1756363    
   89.1922226    
   89.2088165    
   89.2253571    
   89.2418900    
   89.2584000    
   89.2749176    
   89.2913971    
   89.3078690    
   89.3243256    
   89.3407516    
   89.3571472    
   89.3735733    
   89.3899765    
   89.4063339    
   89.4226837    
   89.4390335    
   89.4553146    
   89.4716339    
   89.4879456    
   89.5041962    
   89.5204391    
   89.5366669    
   89.5528870    
   89.5690918    
   89.5852814    
   89.6014481    
   89.6176300    
   89.6337585    
   89.6498795    
   89.6660004    
   89.6820908    
   89.6981659    
   89.7142258    
   89.7302780    
   89.7462921    
   89.7622910    
   89.7782898    
   89.7942581    
   89.8102188    
   89.8261871    
   89.8421249    
   89.8580322    
   89.8739395    
   89.8898392    
   89.9057083    
   89.9215775    
   89.9374161    
   89.9532318    
   89.9690552    
   89.9848328    
   90.0006027    
   90.0163727    
   90.0321045    
   90.0478516    
   90.0635681    
   90.0792618    
   90.0949783    
   90.1106339    
   90.1262817    
   90.1419373    
   90.1575623    
   90.1731644    
   90.1887817    
   90.2043533    
   90.2199173    
   90.2354736    
   90.2510147    
   90.2665482    
   90.2820511    
   90.2975616    
   90.3130569    
   90.3285141    
   90.3439941    
   90.3594437    
   90.3748550    
   90.3902817    
   90.4056931    
   90.4210739    
   90.4364395    
   90.4517899    
   90.4671097    
   90.4824295    
   90.4977341    
   90.5130463    
   90.5283279    
   90.5436020    
   90.5588608    
   90.5741119    
   90.5893173    
   90.6045303    
   90.6197357    
   90.6349030    
   90.6500778    
   90.6652451    
   90.6803970    
   90.6955185    
   90.7106323    
   90.7257309    
   90.7408218    
   90.7559052    
   90.7709808    
   90.7860413    
   90.8010712    
   90.8160858    
   90.8310776    
   90.8460770    
   90.8610611    
   90.8760300    
   90.8909912    
   90.9059525    
   90.9208755    
   90.9357986    
   90.9506912    
   90.9656067    
   90.9804688    
   90.9953156    
   91.0101776    
   91.0250092    
   91.0398331    
   91.0546646    
   91.0694504    
   91.0842514    
   91.0990295    
   91.1137695    
   91.1285248    
   91.1432800    
   91.1580200    
   91.1727448    
   91.1874390    
   91.2021103    
   91.2167740    
   91.2314224    
   91.2460861    
   91.2606964    
   91.2753220    
   91.2899170    
   91.3045273    
   91.3190994    
   91.3336716    
   91.3482361    
   91.3627777    
   91.3772888    
   91.3918228    
   91.4063416    
   91.4208374    
   91.4353333    
   91.4498062    
   91.4642639    
   91.4787140    
   91.4931564    
   91.5075760    
   91.5219879    
   91.5363922    
   91.5507812    
   91.5651703    
   91.5795441    
   91.5939026    
   91.6082458    
   91.6225815    
   91.6368942    
   91.6511993    
   91.6655045    
   91.6797638    
   91.6940613    
   91.7083130    
   91.7225418    
   91.7367783    
   91.7510147    
   91.7652206    
   91.7794266    
   91.7936325    
   91.8078079    
   91.8219604    
   91.8361206    
   91.8502655    
   91.8643875    
   91.8785019    
   91.8926163    
   91.9067154    
   91.9207840    
   91.9348450    
   91.9489212    
   91.9629745    
   91.9770279    
   91.9910507    
   92.0050507    
   92.0190506    
   92.0330505    
   92.0470200    
   92.0609894    
   92.0749435    
   92.0888901    
   92.1028442    
   92.1167755    
   92.1307144    
   92.1446381    
   92.1585159    
   92.1724091    
   92.1862793    
   92.2001419    
   92.2139893    
   92.2278366    
   92.2416763    
   92.2555008    
   92.2692871    
   92.2830887    
   92.2968826    
   92.3106537    
   92.3244171    
   92.3381729    
   92.3519135    
   92.3656311    
   92.3793488    
   92.3930588    
   92.4067535    
   92.4204559    
   92.4341354    
   92.4478149    
   92.4614792    
   92.4751282    
   92.4887695    
   92.5024033    
   92.5160217    
   92.5296326    
   92.5432358    
   92.5568085    
   92.5703735    
   92.5839310    
   92.5974960    
   92.6110382    
   92.6245651    
   92.6380768    
   92.6515961    
   92.6651001    
   92.6785889    
   92.6920776    
   92.7055435    
   92.7189865    
   92.7324524    
   92.7458954    
   92.7593307    
   92.7727661    
   92.7861633    
   92.7995682    
   92.8129578    
   92.8263474    
   92.8397217    
   92.8530807    
   92.8664246    
   92.8797684    
   92.8931046    
   92.9064178    
   92.9197388    
   92.9330215    
   92.9463196    
   92.9596100    
   92.9728699    
   92.9861221    
   92.9993744    
   93.0126266    
   93.0258713    
   93.0391159    
   93.0523300    
   93.0655441    
   93.0787430    
   93.0919342    
   93.1051178    
   93.1182632    
   93.1314316    
   93.1445694    
   93.1577072    
   93.1708450    
   93.1839676    
   93.1970825    
   93.2101746    
   93.2232513    
   93.2363358    
   93.2494125    
   93.2624512    
   93.2755127    
   93.2885666    
   93.3015900    
   93.3146286    
   93.3276596    
   93.3406601    
   93.3536530    
   93.3666611    
   93.3796387    
   93.3926010    
   93.4055710    
   93.4185181    
   93.4314499    
   93.4443741    
   93.4572983    
   93.4701920    
   93.4831085    
   93.4959946    
   93.5088959    
   93.5217667    
   93.5346375    
   93.5475006    
   93.5603409    
   93.5732117    
   93.5860443    
   93.5988846    
   93.6117020    
   93.6245117    
   93.6372833    
   93.6500778    
   93.6628494    
   93.6756134    
   93.6883774    
   93.7011261    
   93.7138824    
   93.7266083    
   93.7393494    
   93.7520447    
   93.7647476    
   93.7774506    
   93.7901306    
   93.8028259    
   93.8154907    
   93.8281631    
   93.8408127    
   93.8534622    
   93.8661041    
   93.8787460    
   93.8913956    
   93.9040070    
   93.9165955    
   93.9291992    
   93.9417953    
   93.9543533    
   93.9669266    
   93.9794846    
   93.9920349    
   94.0045624    
   94.0171127    
   94.0296402    
   94.0421600    
   94.0546646    
   94.0671539    
   94.0796509    
   94.0921402    
   94.1046295    
   94.1171112    
   94.1295776    
   94.1420441    
   94.1544571    
   94.1669235    
   94.1793442    
   94.1917419    
   94.2041855    
   94.2165909    
   94.2289810    
   94.2413559    
   94.2537384    
   94.2661057    
   94.2784576    
   94.2907944    
   94.3031235    
   94.3154907    
   94.3278275    
   94.3401489    
   94.3524475    
   94.3647614    
   94.3770752    
   94.3893356    
   94.4016266    
   94.4139023    
   94.4261703    
   94.4384384    
   94.4506760    
   94.4629211    
   94.4751434    
   94.4873657    
   94.4995880    
   94.5117950    
   94.5239792    
   94.5361633    
   94.5483704    
   94.5605545    
   94.5727234    
   94.5848846    
   94.5970459    
   94.6091766    
   94.6213379    
   94.6334686    
   94.6455688    
   94.6577072    
   94.6697922    
   94.6818924    
   94.6939926    
   94.7060776    
   94.7181549    
   94.7302246    
   94.7422867    
   94.7543335    
   94.7663727    
   94.7784271    
   94.7904510    
   94.8024597    
   94.8145065    
   94.8264999    
   94.8385162    
   94.8504791    
   94.8624649    
   94.8744507    
   94.8864365    
   94.8983841    
   94.9103470    
   94.9222946    
   94.9342346    
   94.9461517    
   94.9580841    
   94.9700012    
   94.9819183    
   94.9938202    
   95.0057297    
   95.0176239    
   95.0294800    
   95.0413589    
   95.0532227    
   95.0650711    
   95.0769348    
   95.0887604    
   95.1005859    
   95.1124268    
   95.1242523    
   95.1360626    
   95.1478729    
   95.1596832    
   95.1714554    
   95.1832504    
   95.1950378    
   95.2068100    
   95.2185669    
   95.2303238    
   95.2420883    
   95.2538300    
   95.2655487    
   95.2772751    
   95.2890091    
   95.3007126    
   95.3124313    
   95.3241348    
   95.3358154    
   95.3475037    
   95.3591843    
   95.3708420    
   95.3825073    
   95.3941574    
   95.4058151    
   95.4174500    
   95.4290924    
   95.4407120    
   95.4523315    
   95.4639511    
   95.4755478    
   95.4871597    
   95.4987717    
   95.5103607    
   95.5219269    
   95.5335083    
   95.5450668    
   95.5566254    
   95.5681839    
   95.5797272    
   95.5912704    
   95.6028061    
   95.6143341    
   95.6258621    
   95.6373672    
   95.6488800    
   95.6603851    
   95.6718674    
   95.6833344    
   95.6947937    
   95.7062683    
   95.7177200    
   95.7291794    
   95.7406311    
   95.7520752    
   95.7635193    
   95.7749557    
   95.7863922    
   95.7978058    
   95.8092041    
   95.8206177    
   95.8320084    
   95.8433990    
   95.8547745    
   95.8661346    
   95.8775024    
   95.8888779    
   95.9002380    
   95.9115906    
   95.9229355    
   95.9342575    
   95.9456100    
   95.9569244    
   95.9682312    
   95.9795456    
   95.9908600    
   96.0021667    
   96.0134583    
   96.0247574    
   96.0360260    
   96.0472870    
   96.0585632    
   96.0698090    
   96.0810471    
   96.0922928    
   96.1035385    
   96.1147690    
   96.1259995    
   96.1372223    
   96.1484451    
   96.1596603    
   96.1708603    
   96.1820526    
   96.1932297    
   96.2043991    
   96.2155838    
   96.2267532    
   96.2379227    
   96.2490768    
   96.2602386    
   96.2713623    
   96.2825089    
   96.2936325    
   96.3047714    
   96.3159027    
   96.3270035    
   96.3381195    
   96.3491974    
   96.3602905    
   96.3713760    
   96.3824692    
   96.3935318    
   96.4046173    
   96.4156799    
   96.4267349    
   96.4377823    
   96.4488297    
   96.4598694    
   96.4709167    
   96.4819260    
   96.4929276    
   96.5039520    
   96.5149612    
   96.5259705    
   96.5369644    
   96.5479584    
   96.5589371    
   96.5699234    
   96.5808945    
   96.5918503    
   96.6028137    
   96.6137543    
   96.6247177    
   96.6356506    
   96.6465912    
   96.6575241    
   96.6684341    
   96.6793518    
   96.6902695    
   96.7011719    
   96.7120819    
   96.7229767    
   96.7338715    
   96.7447586    
   96.7556229    
   96.7664871    
   96.7773590    
   96.7882233    
   96.7990799    
   96.8099136    
   96.8207626    
   96.8315811    
   96.8423996    
   96.8532333    
   96.8640594    
   96.8748627    
   96.8856659    
   96.8964615    
   96.9072723    
   96.9180603    
   96.9288330    
   96.9396133    
   96.9503784    
   96.9611435    
   96.9718933    
   96.9826584    
   96.9934158    
   97.0041580    
   97.0149002    
   97.0256348    
   97.0363617    
   97.0470657    
   97.0577850    
   97.0685043    
   97.0791931    
   97.0898743    
   97.1005554    
   97.1112518    
   97.1219330    
   97.1325989    
   97.1432648    
   97.1539307    
   97.1645889    
   97.1752472    
   97.1858902    
   97.1965179    
   97.2071533    
   97.2177734    
   97.2284088    
   97.2390213    
   97.2496338    
   97.2602463    
   97.2708435    
   97.2814178    
   97.2920151    
   97.3026047    
   97.3131943    
   97.3237457    
   97.3343124    
   97.3448944    
   97.3554535    
   97.3660049    
   97.3765488    
   97.3870773    
   97.3976288    
   97.4081497    
   97.4186783    
   97.4291840    
   97.4397125    
   97.4502106    
   97.4607010    
   97.4712143    
   97.4816971    
   97.4921722    
   97.5026703    
   97.5131378    
   97.5236053    
   97.5340729    
   97.5445251    
   97.5549850    
   97.5654297    
   97.5758820    
   97.5863190    
   97.5967484    
   97.6071777    
   97.6175919    
   97.6280212    
   97.6384354    
   97.6488571    
   97.6592560    
   97.6696472    
   97.6800461    
   97.6904068    
   97.7007980    
   97.7111588    
   97.7215500    
   97.7318802    
   97.7422562    
   97.7526016    
   97.7629318    
   97.7732849    
   97.7836227    
   97.7939529    
   97.8042831    
   97.8146057    
   97.8249207    
   97.8352356    
   97.8455429    
   97.8558350    
   97.8661270    
   97.8764267    
   97.8867111    
   97.8969803    
   97.9072571    
   97.9175339    
   97.9278107    
   97.9380646    
   97.9483261    
   97.9585876    
   97.9688263    
   97.9790649    
   97.9893112    
   97.9995193    
   98.0097504    
   98.0199661    
   98.0301590    
   98.0403824    
   98.0505905    
   98.0607758    
   98.0709686    
   98.0811615    
   98.0913467    
   98.1015167    
   98.1116943    
   98.1218643    
   98.1320267    
   98.1421967    
   98.1523590    
   98.1625061    
   98.1726456    
   98.1827774    
   98.1929092    
   98.2030334    
   98.2131653    
   98.2232742    
   98.2333832    
   98.2434921    
   98.2536011    
   98.2637024    
   98.2738113    
   98.2839050    
   98.2939758    
   98.3040619    
   98.3141251    
   98.3242035    
   98.3342590    
   98.3443298    
   98.3543930    
   98.3644257    
   98.3744812    
   98.3845291    
   98.3945694    
   98.4045868    
   98.4146194    
   98.4246445    
   98.4346390    
   98.4446411    
   98.4546585    
   98.4646683    
   98.4746628    
   98.4846649    
   98.4946518    
   98.5046310    
   98.5146179    
   98.5245972    
   98.5345688    
   98.5445175    
   98.5544968    
   98.5644455    
   98.5744095    
   98.5843506    
   98.5942917    
   98.6042099    
   98.6141510    
   98.6240692    
   98.6339798    
   98.6438980    
   98.6538086    
   98.6637039    
   98.6736145    
   98.6835098    
   98.6934052    
   98.7032928    
   98.7131805    
   98.7230606    
   98.7329483    
   98.7428207    
   98.7526703    
   98.7625275    
   98.7723770    
   98.7822342    
   98.7920990    
   98.8019409    
   98.8117676    
   98.8216019    
   98.8314362    
   98.8412781    
   98.8510818    
   98.8608780    
   98.8706970    
   98.8805084    
   98.8903198    
   98.9001160    
   98.9098969    
   98.9196930    
   98.9294662    
   98.9392471    
   98.9490280    
   98.9588013    
   98.9685593    
   98.9783020    
   98.9880676    
   98.9978180    
   99.0075531    
   99.0173111    
   99.0270462    
   99.0367889    
   99.0465164    
   99.0562439    
   99.0659637    
   99.0756760    
   99.0853729    
   99.0950851    
   99.1047974    
   99.1144867    
   99.1241837    
   99.1338654    
   99.1435547    
   99.1532364    
   99.1629105    
   99.1725616    
   99.1822510    
   99.1918945    
   99.2015533    
   99.2112198    
   99.2208710    
   99.2305145    
   99.2401352    
   99.2497635    
   99.2594147    
   99.2690430    
   99.2786636    
   99.2882767    
   99.2978897    
   99.3075104    
   99.3171234    
   99.3267441    
   99.3363419    
   99.3459244    
   99.3555069    
   99.3650894    
   99.3746796    
   99.3842545    
   99.3938065    
   99.4033890    
   99.4129410    
   99.4224854    
   99.4320450    
   99.4415970    
   99.4511185    
   99.4606934    
   99.4702148    
   99.4797440    
   99.4892807    
   99.4987946    
   99.5083008    
   99.5178299    
   99.5273438    
   99.5368500    
   99.5463638    
   99.5558472    
   99.5653381    
   99.5748444    
   99.5843353    
   99.5938110    
   99.6032867    
   99.6127625    
   99.6222305    
   99.6316986    
   99.6411591    
   99.6506195    
   99.6600723    
   99.6695175    
   99.6789703    
   99.6884079    
   99.6978378    
   99.7072601    
   99.7166977    
   99.7261047    
   99.7355194    
   99.7449646    
   99.7543793    
   99.7637711    
   99.7731628    
   99.7825775    
   99.7919540    
   99.8013611    
   99.8107452    
   99.8201294    
   99.8294983    
   99.8388901    
   99.8482666    
   99.8576202    
   99.8669815    
   99.8763428    
   99.8857117    
   99.8950500    
   99.9043961    
   99.9137344    
   99.9230652    
   99.9324112    
   99.9417496    
   99.9510727    
   99.9603958    
   99.9697037    
   99.9790344    
   99.9883423    
   99.9976425    
   100.006943    
   100.016251    
   100.025536    
   100.034813    
   100.044098    
   100.053383    
   100.062645    
   100.071938    
   100.081215    
   100.090477    
   100.099731    
   100.108978    
   100.118233    
   100.127495    
   100.136734    
   100.145973    
   100.155220    
   100.164459    
   100.173691    
   100.182930    
   100.192162    
   100.201393    
   100.210617    
   100.219841    
   100.229065    
   100.238289    
   100.247498    
   100.256721    
   100.265945    
   100.275162    
   100.284378    
   100.293594    
   100.302811    
   100.311966    
   100.321121    
   100.330276    
   100.339432    
   100.348549    
   100.357742    
   100.366859    
   100.375977    
   100.385094    
   100.394203    
   100.403313    
   100.412422    
   100.421532    
   100.430634    
   100.439743    
   100.448853    
   100.457947    
   100.467049    
   100.476151    
   100.485245    
   100.494339    
   100.503418    
   100.512512    
   100.521591    
   100.530678    
   100.539742    
   100.548813    
   100.557877    
   100.566956    
   100.576027    
   100.585083    
   100.594139    
   100.603188    
   100.612236    
   100.621254    
   100.630287    
   100.639320    
   100.648346    
   100.657372    
   100.666389    
   100.675430    
   100.684441    
   100.693443    
   100.702438    
   100.711449    
   100.720436    
   100.729424    
   100.738419    
   100.747414    
   100.756409    
   100.765388    
   100.774353    
   100.783325    
   100.792297    
   100.801262    
   100.810226    
   100.819191    
   100.828163    
   100.837128    
   100.846085    
   100.855011    
   100.863953    
   100.872887    
   100.881828    
   100.890755    
   100.899689    
   100.908607    
   100.917526    
   100.926430    
   100.935364    
   100.944267    
   100.953156    
   100.962051    
   100.970947    
   100.979851    
   100.988739    
   100.997627    
   101.006500    
   101.015381    
   101.024269    
   101.033142    
   101.042007    
   101.050880    
   101.059738    
   101.068581    
   101.077438    
   101.086304    
   101.095154    
   101.104012    
   101.112869    
   101.121689    
   101.130524    
   101.139366    
   101.148170    
   101.157005    
   101.165848    
   101.174652    
   101.183464    
   101.192284    
   101.201088    
   101.209885    
   101.218689    
   101.227486    
   101.236267    
   101.245056    
   101.253845    
   101.262627    
   101.271393    
   101.280159    
   101.288933    
   101.297707    
   101.306465    
   101.315224    
   101.323982    
   101.332756    
   101.341507    
   101.350243    
   101.358978    
   101.367737    
   101.376472    
   101.385193    
   101.393929    
   101.402664    
   101.411392    
   101.420105    
   101.428825    
   101.437538    
   101.446259    
   101.454956    
   101.463661    
   101.472366    
   101.481049    
   101.489754    
   101.498428    
   101.507118    
   101.515816    
   101.524483    
   101.533165    
   101.541832    
   101.550499    
   101.559181    
   101.567833    
   101.576500    
   101.585159    
   101.593803    
   101.602455    
   101.611076    
   101.619728    
   101.628372    
   101.637009    
   101.645638    
   101.654266    
   101.662895    
   101.671524    
   101.680145    
   101.688759    
   101.697357    
   101.705971    
   101.714569    
   101.723175    
   101.731766    
   101.740364    
   101.748955    
   101.757538    
   101.766121    
   101.774719    
   101.783310    
   101.791878    
   101.800446    
   101.809029    
   101.817589    
   101.826141    
   101.834709    
   101.843277    
   101.851830    
   101.860374    
   101.868927    
   101.877464    
   101.886024    
   101.894562    
   101.903099    
   101.911621    
   101.920143    
   101.928665    
   101.937180    
   101.945717    
   101.954231    
   101.962746    
   101.971252    
   101.979752    
   101.988251    
   101.996758    
   102.005257    
   102.013741    
   102.022232    
   102.030724    
   102.039207    
   102.047684    
   102.056152    
   102.064636    
   102.073097    
   102.081558    
   102.090027    
   102.098480    
   102.106918    
   102.115379    
   102.123848    
   102.132294    
   102.140739    
   102.149185    
   102.157616    
   102.166039    
   102.174477    
   102.182915    
   102.191345    
   102.199768    
   102.208191    
   102.216591    
   102.224983    
   102.233391    
   102.241806    
   102.250229    
   102.258636    
   102.267036    
   102.275421    
   102.283798    
   102.292175    
   102.300568    
   102.308960    
   102.317345    
   102.325729    
   102.334106    
   102.342468    
   102.350822    
   102.359177    
   102.367538    
   102.375908    
   102.384277    
   102.392632    
   102.400978    
   102.409325    
   102.417656    
   102.425995    
   102.434319    
   102.442657    
   102.450989    
   102.459320    
   102.467651    
   102.475967    
   102.484299    
   102.492615    
   102.500931    
   102.509224    
   102.517517    
   102.525833    
   102.534134    
   102.542435    
   102.550735    
   102.559029    
   102.567299    
   102.575600    
   102.583870    
   102.592148    
   102.600418    
   102.608688    
   102.616966    
   102.625244    
   102.633514    
   102.641777    
   102.650032    
   102.658295    
   102.666534    
   102.674782    
   102.683037    
   102.691269    
   102.699516    
   102.707756    
   102.715996    
   102.724213    
   102.732422    
   102.740654    
