   9.31499004E-02
   2.41518593    
   3.82097006    
   4.89253139    
   5.72123051    
   6.46943378    
   7.07246399    
   7.67753410    
   8.18226147    
   8.68070793    
   9.12458992    
   9.57471752    
   9.97549725    
   10.3550997    
   10.7251730    
   11.0770855    
   11.4229984    
   11.7531281    
   12.0563126    
   12.3700581    
   12.6564026    
   12.9563599    
   13.2285461    
   13.4928274    
   13.7541428    
   14.0077229    
   14.2592278    
   14.5036106    
   14.7396917    
   14.9687643    
   15.1982307    
   15.4203129    
   15.6434727    
   15.8594332    
   16.0698776    
   16.2728348    
   16.4791927    
   16.6773224    
   16.8795414    
   17.0733795    
   17.2645111    
   17.4466515    
   17.6275368    
   17.8067226    
   17.9841881    
   18.1601639    
   18.3351746    
   18.5090313    
   18.6735878    
   18.8376389    
   19.0006943    
   19.1627045    
   19.3238735    
   19.4847469    
   19.6450996    
   19.7964725    
   19.9479542    
   20.0990276    
   20.2496281    
   20.3999767    
   20.5506153    
   20.7013283    
   20.8433552    
   20.9860992    
   21.1290245    
   21.2720852    
   21.4155254    
   21.5599270    
   21.7050819    
   21.8419399    
   21.9622536    
   22.0816975    
   22.2023010    
   22.3236198    
   22.4423561    
   22.5613708    
   22.6964283    
   22.8294029    
   22.9467125    
   23.0625782    
   23.1777916    
   23.2925358    
   23.4067039    
   23.5198784    
   23.6324844    
   23.7445107    
   23.8589935    
   23.9715462    
   24.0830612    
   24.1937599    
   24.3035774    
   24.4121208    
   24.5198727    
   24.6268463    
   24.7361984    
   24.8434410    
   24.9494934    
   25.0546246    
   25.1587887    
   25.2615891    
   25.3635445    
   25.4646816    
   25.5682659    
   25.6696854    
   25.7698879    
   25.8693943    
   25.9685116    
   26.0668716    
   26.1644058    
   26.2616749    
   26.3591003    
   26.4577103    
   26.5528412    
   26.6498833    
   26.7439404    
   26.8396282    
   26.9320965    
   27.0265102    
   27.1179543    
   27.2146225    
   27.3038635    
   27.3987293    
   27.4874020    
   27.5803337    
   27.6688175    
   27.7590237    
   27.8473244    
   27.9390411    
   28.0271664    
   28.1149845    
   28.2029419    
   28.2897911    
   28.3762321    
   28.4623127    
   28.5478630    
   28.6340714    
   28.7215614    
   28.8045731    
   28.8891048    
   28.9750729    
   29.0568218    
   29.1394501    
   29.2239017    
   29.3044949    
   29.3858624    
   29.4686852    
   29.5486088    
   29.6267052    
   29.7080364    
   29.7878075    
   29.8663883    
   29.9430180    
   30.0226479    
   30.1011143    
   30.1784592    
   30.2537956    
   30.3307018    
   30.4075222    
   30.4836063    
   30.5577469    
   30.6327801    
   30.7082806    
   30.7831268    
   30.8565159    
   30.9297924    
   31.0031204    
   31.0759335    
   31.1491680    
   31.2213707    
   31.2933617    
   31.3648491    
   31.4364262    
   31.5084095    
   31.5794296    
   31.6500416    
   31.7189217    
   31.7889290    
   31.8596458    
   31.9293575    
   31.9981308    
   32.0661316    
   32.1347389    
   32.2042007    
   32.2725220    
   32.3404541    
   32.4065933    
   32.4731178    
   32.5407372    
   32.6086121    
   32.6750603    
   32.7417641    
   32.8068542    
   32.8722839    
   32.9384842    
   33.0035706    
   33.0684891    
   33.1339874    
   33.1978989    
   33.2615089    
   33.3264618    
   33.3904266    
   33.4542313    
   33.5183105    
   33.5817261    
   33.6429596    
   33.7054291    
   33.7688255    
   33.8315353    
   33.8934631    
   33.9563026    
   34.0185776    
   34.0788536    
   34.1399879    
   34.2005577    
   34.2617111    
   34.3225060    
   34.3840370    
   34.4444122    
   34.5039825    
   34.5636749    
   34.6232452    
   34.6829834    
   34.7425537    
   34.8008881    
   34.8604507    
   34.9196968    
   34.9780884    
   35.0359230    
   35.0943604    
   35.1529961    
   35.2114716    
   35.2685547    
   35.3252373    
   35.3829155    
   35.4402161    
   35.4968796    
   35.5534210    
   35.6108742    
   35.6682281    
   35.7244644    
   35.7805367    
   35.8359756    
   35.8907471    
   35.9465141    
   36.0021210    
   36.0574913    
   36.1129799    
   36.1691437    
   36.2243385    
   36.2793770    
   36.3335495    
   36.3868256    
   36.4397354    
   36.4942589    
   36.5484352    
   36.6019936    
   36.6569633    
   36.7110901    
   36.7650795    
   36.8184013    
   36.8713150    
   36.9219437    
   36.9732933    
   37.0266418    
   37.0796242    
   37.1316910    
   37.1850624    
   37.2381287    
   37.2910576    
   37.3430824    
   37.3937683    
   37.4436760    
   37.4929962    
   37.5448608    
   37.5958710    
   37.6468887    
   37.6991577    
   37.7511406    
   37.8026962    
   37.8534508    
   37.9023895    
   37.9516525    
   38.0006866    
   38.0490341    
   38.0989189    
   38.1488876    
   38.1992455    
   38.2500725    
   38.3006821    
   38.3490562    
   38.3982544    
   38.4466476    
   38.4947205    
   38.5429382    
   38.5900993    
   38.6380196    
   38.6869965    
   38.7360306    
   38.7844887    
   38.8325424    
   38.8810196    
   38.9284821    
   38.9765663    
   39.0230408    
   39.0701447    
   39.1174545    
   39.1638031    
   39.2105141    
   39.2568169    
   39.3036613    
   39.3511238    
   39.3980637    
   39.4445114    
   39.4909821    
   39.5380859    
   39.5844612    
   39.6301041    
   39.6759987    
   39.7203369    
   39.7649422    
   39.8107376    
   39.8560028    
   39.9008598    
   39.9472656    
   39.9932709    
   40.0388222    
   40.0840645    
   40.1295853    
   40.1750069    
   40.2196121    
   40.2640724    
   40.3079567    
   40.3514442    
   40.3956566    
   40.4401665    
   40.4842186    
   40.5284576    
   40.5733185    
   40.6178703    
   40.6613464    
   40.7056007    
   40.7501907    
   40.7946854    
   40.8380623    
   40.8810081    
   40.9240341    
   40.9667587    
   41.0092697    
   41.0522041    
   41.0953979    
   41.1387520    
   41.1822929    
   41.2252388    
   41.2680511    
   41.3109589    
   41.3537903    
   41.3968048    
   41.4396591    
   41.4821854    
   41.5243225    
   41.5661163    
   41.6073227    
   41.6489792    
   41.6908340    
   41.7319946    
   41.7742195    
   41.8168411    
   41.8589134    
   41.9004555    
   41.9417610    
   41.9836578    
   42.0255356    
   42.0667915    
   42.1076927    
   42.1489754    
   42.1902504    
   42.2312431    
   42.2712631    
   42.3113480    
   42.3523178    
   42.3924561    
   42.4325981    
   42.4739799    
   42.5151596    
   42.5558586    
   42.5959015    
   42.6361313    
   42.6770706    
   42.7172318    
   42.7570381    
   42.7961922    
   42.8365974    
   42.8767204    
   42.9165764    
   42.9553947    
   42.9940872    
   43.0339813    
   43.0730743    
   43.1114464    
   43.1516304    
   43.1915703    
   43.2314186    
   43.2701836    
   43.3087540    
   43.3487320    
   43.3878059    
   43.4262695    
   43.4637451    
   43.5030403    
   43.5423203    
   43.5808640    
   43.6193886    
   43.6565933    
   43.6947060    
   43.7332649    
   43.7703934    
   43.8081970    
   43.8472557    
   43.8858643    
   43.9243469    
   43.9615326    
   43.9993477    
   44.0380058    
   44.0752258    
   44.1121597    
   44.1493988    
   44.1873436    
   44.2252693    
   44.2625504    
   44.2997398    
   44.3370438    
   44.3732719    
   44.4092445    
   44.4465218    
   44.4829369    
   44.5202560    
   44.5576324    
   44.5946388    
   44.6320419    
   44.6681976    
   44.7042618    
   44.7411156    
   44.7775764    
   44.8137932    
   44.8499031    
   44.8858757    
   44.9228973    
   44.9590988    
   44.9952583    
   45.0301552    
   45.0662575    
   45.1017876    
   45.1370926    
   45.1730156    
   45.2079697    
   45.2441521    
   45.2803993    
   45.3153877    
   45.3511772    
   45.3866081    
   45.4219589    
   45.4574471    
   45.4924927    
   45.5274887    
   45.5625572    
   45.5976219    
   45.6338005    
   45.6692352    
   45.7043495    
   45.7391472    
   45.7730827    
   45.8075981    
   45.8420830    
   45.8765259    
   45.9116669    
   45.9459496    
   45.9807358    
   46.0150681    
   46.0492859    
   46.0839691    
   46.1184769    
   46.1530724    
   46.1878128    
   46.2218895    
   46.2555847    
   46.2888756    
   46.3229904    
   46.3580055    
   46.3926544    
   46.4270248    
   46.4611893    
   46.4945946    
   46.5276413    
   46.5604210    
   46.5938263    
   46.6274910    
   46.6617241    
   46.6953049    
   46.7286568    
   46.7617798    
   46.7944641    
   46.8280067    
   46.8615875    
   46.8954163    
   46.9293861    
   46.9625740    
   46.9952354    
   47.0273705    
   47.0595398    
   47.0932922    
   47.1271439    
   47.1607513    
   47.1940231    
   47.2267075    
   47.2589188    
   47.2904167    
   47.3226471    
   47.3546524    
   47.3876953    
   47.4210510    
   47.4533234    
   47.4854431    
   47.5167847    
   47.5490952    
   47.5809975    
   47.6138191    
   47.6468964    
   47.6792755    
   47.7116394    
   47.7429924    
   47.7746239    
   47.8059959    
   47.8375778    
   47.8706436    
   47.9030762    
   47.9350929    
   47.9665184    
   47.9980736    
   48.0295181    
   48.0606384    
   48.0913887    
   48.1228676    
   48.1542320    
   48.1857109    
   48.2167892    
   48.2483025    
   48.2792969    
   48.3098640    
   48.3413925    
   48.3726463    
   48.4038544    
   48.4346046    
   48.4661980    
   48.4973831    
   48.5280304    
   48.5588188    
   48.5895653    
   48.6202393    
   48.6502647    
   48.6818428    
   48.7126770    
   48.7433929    
   48.7740555    
   48.8048401    
   48.8355904    
   48.8654213    
   48.8951950    
   48.9254913    
   48.9559326    
   48.9867096    
   49.0171547    
   49.0470467    
   49.0772514    
   49.1071663    
   49.1372604    
   49.1678123    
   49.1983452    
   49.2282982    
   49.2582321    
   49.2882080    
   49.3181648    
   49.3480263    
   49.3781204    
   49.4081345    
   49.4372787    
   49.4666748    
   49.4967232    
   49.5266075    
   49.5566368    
   49.5866547    
   49.6158562    
   49.6456566    
   49.6748772    
   49.7035370    
   49.7328110    
   49.7625999    
   49.7918625    
   49.8212471    
   49.8505287    
   49.8792076    
   49.9084702    
   49.9378586    
   49.9671822    
   49.9962959    
   50.0256424    
   50.0543365    
   50.0833092    
   50.1126060    
   50.1419296    
   50.1704788    
   50.1992645    
   50.2279701    
   50.2565498    
   50.2849503    
   50.3143311    
   50.3429413    
   50.3715553    
   50.4002151    
   50.4288559    
   50.4575768    
   50.4862328    
   50.5148544    
   50.5427208    
   50.5702057    
   50.5986366    
   50.6269226    
   50.6556320    
   50.6842957    
   50.7122192    
   50.7395592    
   50.7675858    
   50.7959061    
   50.8243484    
   50.8530502    
   50.8810310    
   50.9082527    
   50.9359894    
   50.9641724    
   50.9921951    
   51.0202484    
   51.0482903    
   51.0755653    
   51.1028137    
   51.1301079    
   51.1581802    
   51.1861382    
   51.2141418    
   51.2414742    
   51.2686081    
   51.2959595    
   51.3235283    
   51.3514862    
   51.3788681    
   51.4061852    
   51.4329567    
   51.4599609    
   51.4878159    
   51.5158386    
   51.5432777    
   51.5704422    
   51.5971527    
   51.6235886    
   51.6513901    
   51.6792450    
   51.7067451    
   51.7335014    
   51.7600098    
   51.7866096    
   51.8141403    
   51.8413620    
   51.8681679    
   51.8948631    
   51.9216881    
   51.9483643    
   51.9750633    
   52.0016022    
   52.0281143    
   52.0554199    
   52.0823021    
   52.1090698    
   52.1354294    
   52.1616211    
   52.1880569    
   52.2149849    
   52.2417831    
   52.2683029    
   52.2945404    
   52.3201103    
   52.3470230    
   52.3740082    
   52.4006195    
   52.4269066    
   52.4525185    
   52.4781075    
   52.5048218    
   52.5317764    
   52.5581017    
   52.5839119    
   52.6095734    
   52.6354790    
   52.6618271    
   52.6882019    
   52.7138977    
   52.7394104    
   52.7654190    
   52.7916718    
   52.8175316    
   52.8432732    
   52.8683662    
   52.8940239    
   52.9204826    
   52.9465065    
   52.9722939    
   52.9974289    
   53.0225105    
   53.0481415    
   53.0741844    
   53.1000175    
   53.1251945    
   53.1503258    
   53.1759377    
   53.2011414    
   53.2270203    
   53.2522430    
   53.2774849    
   53.3031235    
   53.3283691    
   53.3534851    
   53.3782845    
   53.4034691    
   53.4291382    
   53.4544258    
   53.4797058    
   53.5045547    
   53.5295753    
   53.5553589    
   53.5806961    
   53.6055527    
   53.6302719    
   53.6555061    
   53.6808777    
   53.7058601    
   53.7306137    
   53.7550735    
   53.7800293    
   53.8054428    
   53.8302269    
   53.8552589    
   53.8800621    
   53.9046936    
   53.9289246    
   53.9537506    
   53.9790039    
   54.0038452    
   54.0281601    
   54.0524101    
   54.0769119    
   54.1016388    
   54.1265259    
   54.1508064    
   54.1751366    
   54.2000504    
   54.2243805    
   54.2486916    
   54.2724304    
   54.2969055    
   54.3216019    
   54.3459549    
   54.3700523    
   54.3944168    
   54.4187469    
   54.4428368    
   54.4673500    
   54.4917488    
   54.5160789    
   54.5399055    
   54.5638275    
   54.5882645    
   54.6126938    
   54.6365509    
   54.6603622    
   54.6840897    
   54.7085648    
   54.7324562    
   54.7562675    
   54.7799530    
   54.8040504    
   54.8279724    
   54.8513336    
   54.8750839    
   54.8993645    
   54.9233170    
   54.9467125    
   54.9700623    
   54.9933395    
   55.0173264    
   55.0411644    
   55.0645943    
   55.0877914    
   55.1118088    
   55.1352615    
   55.1585846    
   55.1815109    
   55.2047806    
   55.2283859    
   55.2518806    
   55.2748337    
   55.2982445    
   55.3217621    
   55.3450356    
   55.3688736    
   55.3924179    
   55.4157906    
   55.4393463    
   55.4626694    
   55.4856911    
   55.5095024    
   55.5330963    
   55.5561409    
   55.5789795    
   55.6021919    
   55.6254807    
   55.6486664    
   55.6719666    
   55.6950607    
   55.7178688    
   55.7412567    
   55.7643700    
   55.7869644    
   55.8102226    
   55.8333626    
   55.8561020    
   55.8788033    
   55.9016533    
   55.9242897    
   55.9470787    
   55.9702644    
   55.9929276    
   56.0152092    
   56.0384178    
   56.0611000    
   56.0832901    
   56.1058922    
   56.1283493    
   56.1505470    
   56.1734695    
   56.1961937    
   56.2184181    
   56.2407532    
   56.2635040    
   56.2857475    
   56.3087273    
   56.3315010    
   56.3537674    
   56.3762550    
   56.3990555    
   56.4213409    
   56.4438705    
   56.4666939    
   56.4890022    
   56.5108223    
   56.5330811    
   56.5554161    
   56.5772781    
   56.6000252    
   56.6223793    
   56.6442451    
   56.6664696    
   56.6888466    
   56.7107315    
   56.7325439    
   56.7549438    
   56.7768517    
   56.7984314    
   56.8206291    
   56.8425598    
   56.8640175    
   56.8859978    
   56.9079475    
   56.9294739    
   56.9513092    
   56.9734612    
   56.9956245    
   57.0176125    
   57.0391235    
   57.0610809    
   57.0826836    
   57.1044006    
   57.1265450    
   57.1485786    
   57.1701317    
   57.1917839    
   57.2136002    
   57.2353439    
   57.2574806    
   57.2795525    
   57.3011513    
   57.3228416    
   57.3446503    
   57.3664169    
   57.3881073    
   57.4102287    
   57.4318695    
   57.4531860    
   57.4745178    
   57.4958954    
   57.5175629    
   57.5389290    
   57.5606117    
   57.5819092    
   57.6032639    
   57.6245346    
   57.6462479    
   57.6674957    
   57.6883621    
   57.7096291    
   57.7310104    
   57.7522888    
   57.7731590    
   57.7944489    
   57.8152962    
   57.8362083    
   57.8571167    
   57.8784370    
   57.8993111    
   57.9201164    
   57.9412842    
   57.9626312    
   57.9835281    
   58.0043640    
   58.0252838    
   58.0461159    
   58.0670433    
   58.0881233    
   58.1090622    
   58.1298332    
   58.1507874    
   58.1713905    
   58.1923561    
   58.2132874    
   58.2342682    
   58.2549515    
   58.2759476    
   58.2965088    
   58.3174362    
   58.3380127    
   58.3588257    
   58.3794289    
   58.4004631    
   58.4210663    
   58.4412498    
   58.4618607    
   58.4829254    
   58.5037155    
   58.5247803    
   58.5454865    
   58.5662422    
   58.5869179    
   58.6079903    
   58.6286545    
   58.6492958    
   58.6695938    
   58.6902924    
   58.7109909    
   58.7316284    
   58.7519073    
   58.7725143    
   58.7928085    
   58.8130341    
   58.8333168    
   58.8538857    
   58.8742027    
   58.8944206    
   58.9146996    
   58.9353104    
   58.9556541    
   58.9758568    
   58.9959869    
   59.0161781    
   59.0362968    
   59.0564842    
   59.0767860    
   59.0969582    
   59.1169586    
   59.1371117    
   59.1571045    
   59.1770744    
   59.1971855    
   59.2173119    
   59.2373314    
   59.2572632    
   59.2772942    
   59.2970009    
   59.3170013    
   59.3366814    
   59.3565750    
   59.3762474    
   59.3962936    
   59.4159737    
   59.4356155    
   59.4549179    
   59.4747696    
   59.4944839    
   59.5144348    
   59.5341492    
   59.5537567    
   59.5733948    
   59.5930519    
   59.6127892    
   59.6322556    
   59.6516762    
   59.6710434    
   59.6901665    
   59.7095490    
   59.7289314    
   59.7482452    
   59.7672653    
   59.7864151    
   59.8054504    
   59.8249130    
   59.8448105    
   59.8646317    
   59.8844681    
   59.9046516    
   59.9245720    
   59.9444160    
   59.9641914    
   59.9839134    
   60.0036850    
   60.0233879    
   60.0431519    
   60.0630264    
   60.0827789    
   60.1023636    
   60.1220894    
   60.1416664    
   60.1612206    
   60.1809006    
   60.2006035    
   60.2202072    
   60.2397499    
   60.2593155    
   60.2788734    
   60.2981949    
   60.3177605    
   60.3370323    
   60.3564987    
   60.3757858    
   60.3953781    
   60.4146423    
   60.4338646    
   60.4530907    
   60.4721909    
   60.4914932    
   60.5110245    
   60.5303192    
   60.5495758    
   60.5687637    
   60.5879936    
   60.6072617    
   60.6265411    
   60.6455917    
   60.6646042    
   60.6835632    
   60.7024956    
   60.7212524    
   60.7402229    
   60.7591743    
   60.7780800    
   60.7967033    
   60.8154488    
   60.8342705    
   60.8536491    
   60.8730392    
   60.8927612    
   60.9122429    
   60.9316406    
   60.9510269    
   60.9703674    
   60.9896507    
   61.0089760    
   61.0282440    
   61.0475693    
   61.0666122    
   61.0853004    
   61.1037712    
   61.1221619    
   61.1405182    
   61.1588631    
   61.1772308    
   61.1955528    
   61.2139435    
   61.2324600    
   61.2509003    
   61.2693100    
   61.2877731    
   61.3062325    
   61.3246460    
   61.3430252    
   61.3614426    
   61.3797607    
   61.3981972    
   61.4166946    
   61.4351387    
   61.4534836    
   61.4717903    
   61.4901237    
   61.5083694    
   61.5269737    
   61.5454483    
   61.5639114    
   61.5823479    
   61.6007309    
   61.6191597    
   61.6376457    
   61.6561394    
   61.6744461    
   61.6927185    
   61.7109642    
   61.7291870    
   61.7473831    
   61.7655411    
   61.7838058    
   61.8020363    
   61.8202515    
   61.8382378    
   61.8564034    
   61.8751984    
   61.8941383    
   61.9129372    
   61.9316750    
   61.9504013    
   61.9690933    
   61.9877548    
   62.0064545    
   62.0250931    
   62.0437965    
   62.0624352    
   62.0808868    
   62.0991898    
   62.1173325    
   62.1353073    
   62.1532555    
   62.1711349    
   62.1889877    
   62.2068253    
   62.2246895    
   62.2425156    
   62.2604103    
   62.2784195    
   62.2961197    
   62.3135147    
   62.3311844    
   62.3486404    
   62.3663635    
   62.3837776    
   62.4014435    
   62.4188690    
   62.4364929    
   62.4539986    
   62.4717484    
   62.4891930    
   62.5068970    
   62.5243492    
   62.5419464    
   62.5594292    
   62.5772133    
   62.5947723    
   62.6125717    
   62.6300583    
   62.6478348    
   62.6654053    
   62.6832237    
   62.7007294    
   62.7185326    
   62.7360458    
   62.7535820    
   62.7711067    
   62.7885780    
   62.8061142    
   62.8235779    
   62.8411217    
   62.8586349    
   62.8761902    
   62.8935738    
   62.9117889    
   62.9296837    
   62.9478798    
   62.9657822    
   62.9838753    
   63.0017891    
   63.0198174    
   63.0377464    
   63.0557671    
   63.0737000    
   63.0914993    
   63.1094437    
   63.1270752    
   63.1446152    
   63.1622543    
   63.1795883    
   63.1969681    
   63.2143097    
   63.2315063    
   63.2488594    
   63.2660370    
   63.2833977    
   63.3005943    
   63.3179703    
   63.3352318    
   63.3525314    
   63.3696175    
   63.3865128    
   63.4036102    
   63.4204216    
   63.4369545    
   63.4539070    
   63.4707336    
   63.4872780    
   63.5043602    
   63.5212021    
   63.5377769    
   63.5548363    
   63.5716896    
   63.5882645    
   63.6053772    
   63.6222458    
   63.6388397    
   63.6559906    
   63.6728745    
   63.6896935    
   63.7068787    
   63.7237778    
   63.7405281    
   63.7576332    
   63.7745438    
   63.7912750    
   63.8083801    
   63.8253021    
   63.8419495    
   63.8588409    
   63.8757782    
   63.8924408    
   63.9093323    
   63.9262848    
   63.9431381    
   63.9603996    
   63.9775429    
   63.9950027    
   64.0122833    
   64.0293579    
   64.0469208    
   64.0642166    
   64.0812531    
   64.0987396    
   64.1160507    
   64.1330643    
   64.1502075    
   64.1674194    
   64.1844482    
   64.2011948    
   64.2181091    
   64.2350540    
   64.2518158    
   64.2683411    
   64.2851562    
   64.3019257    
   64.3184280    
   64.3352280    
   64.3520126    
   64.3685226    
   64.3852692    
   64.4020691    
   64.4185944    
   64.4350891    
   64.4516296    
   64.4681702    
   64.4844360    
   64.5004425    
   64.5163879    
   64.5327530    
   64.5490417    
   64.5650635    
   64.5808411    
   64.5972672    
   64.6135788    
   64.6296234    
   64.6454086    
   64.6616974    
   64.6779404    
   64.6940002    
   64.7100601    
   64.7266235    
   64.7429657    
   64.7590485    
   64.7751617    
   64.7916946    
   64.8080521    
   64.8241577    
   64.8401566    
   64.8565292    
   64.8729019    
   64.8890152    
   64.9051514    
   64.9214478    
   64.9378433    
   64.9539795    
   64.9698944    
   64.9862747    
   65.0026855    
   65.0188370    
   65.0355988    
   65.0523071    
   65.0687408    
   65.0852127    
   65.1020813    
   65.1188049    
   65.1352615    
   65.1516342    
   65.1683807    
   65.1849976    
   65.2014694    
   65.2176743    
   65.2341766    
   65.2506714    
   65.2670364    
   65.2832642    
   65.2992935    
   65.3155746    
   65.3318176    
   65.3479691    
   65.3639603    
   65.3800049    
   65.3962097    
   65.4124756    
   65.4284744    
   65.4443741    
   65.4605179    
   65.4765396    
   65.4923172    
   65.5083389    
   65.5241089    
   65.5399551    
   65.5559921    
   65.5717773    
   65.5873108    
   65.6026459    
   65.6181946    
   65.6336288    
   65.6494446    
   65.6650009    
   65.6803207    
   65.6955032    
   65.7112350    
   65.7268600    
   65.7424393    
   65.7577896    
   65.7731628    
   65.7886200    
   65.8041763    
   65.8197937    
   65.8356628    
   65.8512726    
   65.8667374    
   65.8826141    
   65.8982315    
   65.9137039    
   65.9293365    
   65.9447861    
   65.9606781    
   65.9763184    
   65.9917297    
   66.0072632    
   66.0229492    
   66.0386658    
   66.0543365    
   66.0697556    
   66.0853119    
   66.1012268    
   66.1171646    
   66.1329803    
   66.1489334    
   66.1649704    
   66.1811905    
   66.1971512    
   66.2128601    
   66.2286377    
   66.2446518    
   66.2606735    
   66.2766571    
   66.2923889    
   66.3080597    
   66.3237991    
   66.3396149    
   66.3554001    
   66.3711548    
   66.3866653    
   66.4021912    
   66.4177246    
   66.4332428    
   66.4485321    
   66.4638596    
   66.4793930    
   66.4950485    
   66.5105972    
   66.5259171    
   66.5412292    
   66.5563889    
   66.5719452    
   66.5872726    
   66.6025467    
   66.6178818    
   66.6330032    
   66.6481094    
   66.6633682    
   66.6787186    
   66.6938324    
   66.7087250    
   66.7236099    
   66.7385406    
   66.7534409    
   66.7683334    
   66.7834702    
   66.7983856    
   66.8130875    
   66.8280258    
   66.8429565    
   66.8577881    
   66.8727722    
   66.8877106    
   66.9025192    
   66.9174652    
   66.9324188    
   66.9475250    
   66.9627151    
   66.9777451    
   66.9929428    
   67.0079422    
   67.0229187    
   67.0376740    
   67.0527115    
   67.0679016    
   67.0831223    
   67.0981216    
   67.1129379    
   67.1278152    
   67.1430511    
   67.1580582    
   67.1730499    
   67.1880646    
   67.2031479    
   67.2185669    
   67.2338638    
   67.2494202    
   67.2649307    
   67.2802124    
   67.2952576    
   67.3105545    
   67.3258438    
   67.3408966    
   67.3562927    
   67.3715897    
   67.3867264    
   67.4018021    
   67.4168320    
   67.4321518    
   67.4472351    
   67.4620972    
   67.4770355    
   67.4921341    
   67.5070877    
   67.5219650    
   67.5368042    
   67.5517273    
   67.5666199    
   67.5812988    
   67.5961609    
   67.6111298    
   67.6260376    
   67.6407242    
   67.6553879    
   67.6701965    
   67.6848984    
   67.6994476    
   67.7143402    
   67.7291183    
   67.7438354    
   67.7583313    
   67.7729950    
   67.7877197    
   67.8022385    
   67.8166122    
   67.8311539    
   67.8456802    
   67.8600464    
   67.8743591    
   67.8887405    
   67.9032822    
   67.9176102    
   67.9318237    
   67.9461823    
   67.9606018    
   67.9749527    
   67.9892731    
   68.0038376    
   68.0181885    
   68.0323486    
   68.0466995    
   68.0611496    
   68.0756302    
   68.0903091    
   68.1049042    
   68.1192856    
   68.1336288    
   68.1482315    
   68.1626205    
   68.1769104    
   68.1917419    
   68.2063675    
   68.2207794    
   68.2349777    
   68.2491074    
   68.2634735    
   68.2779694    
   68.2924042    
   68.3068771    
   68.3215256    
   68.3360367    
   68.3507996    
   68.3656845    
   68.3804245    
   68.3950958    
   68.4095535    
   68.4244537    
   68.4391327    
   68.4535980    
   68.4678650    
   68.4824524    
   68.4971542    
   68.5117188    
   68.5262070    
   68.5408936    
   68.5555954    
   68.5700989    
   68.5843964    
   68.5984802    
   68.6126938    
   68.6272049    
   68.6415863    
   68.6558990    
   68.6702423    
   68.6847763    
   68.6990891    
   68.7132111    
   68.7271347    
   68.7415161    
   68.7558517    
   68.7700500    
   68.7841949    
   68.7984543    
   68.8128052    
   68.8269501    
   68.8409042    
   68.8547821    
   68.8691483    
   68.8833084    
   68.8973541    
   68.9115067    
   68.9256973    
   68.9398727    
   68.9538498    
   68.9676361    
   68.9812775    
   68.9952164    
   69.0092163    
   69.0230942    
   69.0369797    
   69.0509949    
   69.0650024    
   69.0788193    
   69.0924454    
   69.1059494    
   69.1193924    
   69.1333618    
   69.1473999    
   69.1612320    
   69.1749802    
   69.1889801    
   69.2028275    
   69.2165375    
   69.2301941    
   69.2441025    
   69.2581558    
   69.2720490    
   69.2860184    
   69.3000259    
   69.3140106    
   69.3280792    
   69.3419647    
   69.3556595    
   69.3693237    
   69.3829193    
   69.3967514    
   69.4106522    
   69.4246979    
   69.4388046    
   69.4527283    
   69.4666443    
   69.4804840    
   69.4948120    
   69.5089951    
   69.5231247    
   69.5373230    
   69.5516357    
   69.5657730    
   69.5797119    
   69.5934753    
   69.6072235    
   69.6208801    
   69.6350403    
   69.6490631    
   69.6632309    
   69.6773987    
   69.6915512    
   69.7055283    
   69.7193069    
   69.7329254    
   69.7465210    
   69.7599335    
   69.7738495    
   69.7877197    
   69.8015900    
   69.8155899    
   69.8295670    
   69.8433762    
   69.8570023    
   69.8704758    
   69.8839188    
   69.8971863    
   69.9106216    
   69.9244537    
   69.9382706    
   69.9520187    
   69.9658127    
   69.9794693    
   69.9931107    
   70.0065842    
   70.0198822    
   70.0333405    
   70.0466385    
   70.0602417    
   70.0739899    
   70.0876694    
   70.1011734    
   70.1145935    
   70.1280441    
   70.1414032    
   70.1547318    
   70.1680450    
   70.1812286    
   70.1943817    
   70.2077789    
   70.2213135    
   70.2347260    
   70.2480774    
   70.2612534    
   70.2743759    
   70.2875595    
   70.3009109    
   70.3141479    
   70.3273392    
   70.3403625    
   70.3538513    
   70.3672333    
   70.3805542    
   70.3940048    
   70.4075851    
   70.4209747    
   70.4342804    
   70.4475021    
   70.4606705    
   70.4740448    
   70.4876328    
   70.5010529    
   70.5143509    
   70.5275955    
   70.5408554    
   70.5542908    
   70.5675735    
   70.5808334    
   70.5940857    
   70.6073227    
   70.6210785    
   70.6347198    
   70.6481705    
   70.6617813    
   70.6756210    
   70.6892624    
   70.7027740    
   70.7162476    
   70.7295303    
   70.7427216    
   70.7558365    
   70.7689667    
   70.7825775    
   70.7960663    
   70.8094940    
   70.8231735    
   70.8368149    
   70.8503189    
   70.8636398    
   70.8768387    
   70.8899841    
   70.9029694    
   70.9158478    
   70.9289474    
   70.9424210    
   70.9557648    
   70.9689484    
   70.9824066    
   70.9957581    
   71.0090714    
   71.0222473    
   71.0352631    
   71.0481873    
   71.0610352    
   71.0737839    
   71.0868912    
   71.1002579    
   71.1134644    
   71.1264954    
   71.1395950    
   71.1528091    
   71.1659775    
   71.1790314    
   71.1919022    
   71.2046814    
   71.2174454    
   71.2304688    
   71.2437057    
   71.2568283    
   71.2698975    
   71.2827988    
   71.2955399    
   71.3085022    
   71.3215408    
   71.3344498    
   71.3472137    
   71.3599701    
   71.3725586    
   71.3851547    
   71.3982544    
   71.4112396    
   71.4241791    
   71.4369507    
   71.4495544    
   71.4620132    
   71.4745712    
   71.4875031    
   71.5002899    
   71.5129700    
   71.5255890    
   71.5380707    
   71.5512238    
   71.5643616    
   71.5773315    
   71.5901489    
   71.6027832    
   71.6153107    
   71.6280365    
   71.6410828    
   71.6540680    
   71.6669006    
   71.6796341    
   71.6922989    
   71.7050476    
   71.7180557    
   71.7309723    
   71.7438202    
   71.7565002    
   71.7690887    
   71.7822876    
   71.7953110    
   71.8082123    
   71.8211899    
   71.8342285    
   71.8473129    
   71.8604584    
   71.8735046    
   71.8864365    
   71.8993149    
   71.9120331    
   71.9245834    
   71.9371338    
   71.9502029    
   71.9630966    
   71.9761047    
   71.9890060    
   72.0018997    
   72.0148087    
