      0.59923239 
      0.63885106 
      0.67846973 
      0.71808840 
      0.75699959 
      0.79591079 
      0.83482198 
      0.87373318 
      0.91264437 
      0.95155556 
      0.99046676 
      0.99872065 
       1.0069745 
       1.0152284 
       1.0234823 
       1.0317362 
       1.0399901 
       1.0482440 
       1.0564979 
       1.0647518 
       1.0730057 
       1.0787834 
       1.0845611 
       1.0903388 
       1.0961165 
       1.1018943 
       1.1076720 
       1.1134497 
       1.1192274 
       1.1250052 
       1.1307829 
       1.1233544 
       1.1159259 
       1.1084974 
       1.1010689 
       1.0936404 
       1.0862119 
       1.0787834 
       1.0713549 
       1.0639264
       1.0519200
       1.0430000
       1.0363000
       1.0200000
       1.0110000